terrain
33 33
0.163719 0.203719 0.291643 0.437333 0.58386 0.65246 0.626825 0.611589 0.66604 0.739423 0.778227 0.741498 0.610952 0.482831 0.425315 0.453899 0.518339 0.535949 0.473448 0.365269 0.283741 0.218024 0.184111 0.199069 0.216069 0.22769 0.26057 0.297197 0.325444 0.335928 0.299604 0.247833 0.202166 
0.212368 0.245133 0.330299 0.467162 0.610474 0.69056 0.677568 0.65402 0.689966 0.741942 0.763182 0.724962 0.615312 0.50544 0.4487 0.456531 0.499465 0.504401 0.424939 0.31103 0.238429 0.196469 0.173997 0.178747 0.187145 0.204642 0.249449 0.280819 0.286711 0.279848 0.24192 0.206808 0.185325 
0.338733 0.3479 0.408306 0.520099 0.662002 0.766664 0.764782 0.719973 0.724062 0.756603 0.753834 0.684355 0.586045 0.51554 0.479787 0.473747 0.486344 0.470892 0.394334 0.29155 0.217962 0.180928 0.169576 0.168227 0.167055 0.19241 0.246639 0.263385 0.243762 0.216649 0.178854 0.156022 0.153108 
0.508463 0.485608 0.49585 0.562852 0.69643 0.833593 0.850309 0.789785 0.765551 0.781412 0.759975 0.664311 0.578364 0.534172 0.499162 0.47522 0.47233 0.464384 0.432672 0.354291 0.257078 0.192681 0.175802 0.175913 0.186112 0.234063 0.291579 0.276558 0.21789 0.167151 0.139413 0.132842 0.139267 
0.66707 0.617533 0.573721 0.59184 0.702952 0.855034 0.898038 0.832201 0.788868 0.799991 0.789165 0.69539 0.597404 0.531228 0.486299 0.466536 0.479531 0.498837 0.50144 0.441815 0.334865 0.24175 0.194815 0.187114 0.228371 0.316039 0.367066 0.310519 0.212419 0.140979 0.118771 0.124948 0.135477 
0.817044 0.763062 0.684919 0.656563 0.708515 0.814393 0.870832 0.837699 0.814936 0.843441 0.84385 0.738176 0.591961 0.484024 0.440905 0.44879 0.495451 0.536238 0.527721 0.469089 0.391544 0.313014 0.239937 0.209938 0.266884 0.383738 0.431557 0.356043 0.240937 0.156742 0.122158 0.115921 0.11911 
0.922999 0.878465 0.793762 0.742834 0.734316 0.767116 0.81809 0.845465 0.878395 0.915348 0.887056 0.753131 0.573121 0.442273 0.388434 0.400783 0.46048 0.515346 0.506964 0.460712 0.414421 0.37244 0.310493 0.272404 0.328064 0.438746 0.475722 0.39806 0.289991 0.211409 0.157883 0.120755 0.109211 
0.967311 0.937294 0.873531 0.8168 0.771778 0.775244 0.830249 0.878766 0.915908 0.92812 0.874633 0.746522 0.576581 0.439177 0.356865 0.335603 0.371446 0.426685 0.448352 0.449666 0.446093 0.434292 0.406558 0.391789 0.440848 0.510061 0.524463 0.453118 0.352873 0.273326 0.201764 0.141709 0.114245 
0.960856 0.974714 0.96345 0.89102 0.78915 0.773998 0.841816 0.888963 0.90107 0.90051 0.862968 0.770341 0.624338 0.474179 0.358101 0.296128 0.294754 0.328444 0.371441 0.421873 0.462228 0.475335 0.47538 0.498115 0.550207 0.584553 0.580454 0.515849 0.413872 0.316753 0.23413 0.176114 0.140141 
0.897987 0.96036 1 0.914796 0.756654 0.705278 0.782594 0.863526 0.891661 0.894006 0.859902 0.781741 0.657111 0.506542 0.370822 0.284629 0.256621 0.259459 0.291501 0.346336 0.385803 0.417013 0.449064 0.504994 0.573796 0.610621 0.616142 0.572988 0.478183 0.366011 0.27558 0.224198 0.189057 
0.852197 0.918586 0.957413 0.863905 0.692679 0.617025 0.689091 0.81528 0.90027 0.927237 0.873748 0.749472 0.603848 0.474688 0.358554 0.276242 0.246734 0.238757 0.247572 0.271474 0.282233 0.319336 0.385958 0.463401 0.538099 0.583397 0.59799 0.561407 0.483653 0.39425 0.319599 0.267331 0.23083 
0.873453 0.893456 0.868584 0.759371 0.623291 0.564018 0.628462 0.777661 0.918558 0.980827 0.894734 0.697223 0.518133 0.424071 0.359817 0.300731 0.276445 0.270622 0.26035 0.247076 0.233674 0.267105 0.348608 0.434252 0.487918 0.512791 0.529623 0.501142 0.436764 0.374233 0.323457 0.275844 0.248661 
0.898931 0.858999 0.775569 0.675733 0.593522 0.547291 0.584204 0.727518 0.896397 0.967992 0.861098 0.644319 0.46698 0.39227 0.365579 0.331501 0.310561 0.312407 0.298448 0.256879 0.222057 0.238132 0.307249 0.388952 0.424881 0.4343 0.464527 0.46482 0.408146 0.336348 0.279045 0.239959 0.233193 
0.907994 0.828858 0.719346 0.62942 0.58167 0.543832 0.555491 0.669193 0.822033 0.884924 0.796217 0.611028 0.449641 0.363094 0.334445 0.324202 0.323938 0.328136 0.30154 0.238955 0.189175 0.193195 0.251209 0.314377 0.329506 0.338295 0.38562 0.407573 0.357285 0.281706 0.228007 0.210994 0.226641 
0.917473 0.822333 0.688043 0.585112 0.556838 0.550022 0.559818 0.649438 0.783598 0.840232 0.763352 0.593231 0.435919 0.331641 0.28832 0.29328 0.311007 0.301969 0.253609 0.182282 0.130676 0.138189 0.196456 0.232681 0.217653 0.222646 0.274838 0.298773 0.252834 0.201651 0.188303 0.207945 0.240711 
0.936873 0.856203 0.721149 0.601131 0.564275 0.564112 0.568979 0.654969 0.7835 0.816346 0.729491 0.577411 0.430943 0.315547 0.259868 0.265935 0.281932 0.260588 0.207615 0.139983 0.0896993 0.0923803 0.136751 0.156262 0.137505 0.140165 0.180117 0.199176 0.165247 0.138174 0.15295 0.194944 0.235185 
0.957691 0.907813 0.803916 0.692375 0.642388 0.612715 0.592886 0.66655 0.758014 0.734625 0.645527 0.532232 0.414083 0.304156 0.244455 0.248228 0.260865 0.242976 0.199918 0.138399 0.0872091 0.0784154 0.101259 0.10978 0.0972745 0.0986592 0.121589 0.135913 0.120812 0.109289 0.121997 0.154558 0.187229 
0.938323 0.891774 0.811449 0.747801 0.728022 0.673736 0.60796 0.624534 0.661013 0.63382 0.581343 0.48998 0.384865 0.292063 0.237165 0.227006 0.222844 0.211411 0.183119 0.13661 0.101915 0.0956951 0.103898 0.0985364 0.083648 0.0815928 0.095013 0.107129 0.109109 0.112048 0.119536 0.13625 0.157327 
0.854206 0.776114 0.702496 0.698191 0.736765 0.691284 0.590975 0.543017 0.539996 0.544998 0.538062 0.461311 0.359204 0.281429 0.229451 0.192688 0.16484 0.156628 0.145326 0.115648 0.0985034 0.103188 0.108005 0.100708 0.0914202 0.0902933 0.101912 0.118086 0.132866 0.142847 0.146252 0.156653 0.178688 
0.76706 0.683271 0.619953 0.642042 0.698091 0.670647 0.587269 0.516658 0.480962 0.477945 0.485354 0.441954 0.351143 0.270075 0.213243 0.158999 0.114989 0.103988 0.109378 0.0961624 0.0797232 0.0808301 0.0902376 0.102026 0.11236 0.117863 0.131582 0.153968 0.165478 0.155809 0.148812 0.167509 0.202026 
0.716567 0.664582 0.603777 0.601686 0.638538 0.644108 0.615734 0.548347 0.48371 0.452569 0.468646 0.471107 0.38922 0.280903 0.201175 0.138781 0.0899926 0.0708589 0.0769127 0.0792681 0.0702106 0.0686678 0.0817319 0.105553 0.123243 0.128669 0.145242 0.169388 0.161738 0.122859 0.103837 0.122764 0.156522 
0.645242 0.645421 0.594727 0.55325 0.571404 0.621606 0.644089 0.596849 0.533314 0.490114 0.506297 0.524154 0.437137 0.299064 0.188214 0.119798 0.0788145 0.0583784 0.0552137 0.0605778 0.0616251 0.0628105 0.0763371 0.0978107 0.111984 0.115374 0.130692 0.14924 0.131515 0.0874076 0.0610154 0.0622833 0.0773163 
0.572099 0.603066 0.575737 0.519435 0.513373 0.575156 0.616596 0.601986 0.580902 0.559364 0.562426 0.548467 0.446309 0.307583 0.193115 0.1199 0.0829803 0.0665806 0.0582836 0.0550894 0.0495161 0.0495571 0.0680998 0.0915093 0.102631 0.100631 0.104164 0.113586 0.107832 0.0805872 0.0508124 0.03599 0.0342964 
0.483126 0.525018 0.53243 0.490631 0.45955 0.495833 0.532882 0.561399 0.604664 0.611609 0.581211 0.519043 0.415074 0.308156 0.219504 0.141608 0.0941942 0.0761701 0.0682925 0.0590992 0.044949 0.0416506 0.0615858 0.0859429 0.0939992 0.0870176 0.0811682 0.090232 0.104998 0.0926889 0.0568654 0.032538 0.0235635 
0.353086 0.402781 0.454228 0.460321 0.43493 0.44037 0.457821 0.51557 0.600415 0.611293 0.54531 0.462591 0.383633 0.313943 0.245436 0.163532 0.0986599 0.069301 0.0634863 0.0624479 0.0535126 0.0503418 0.0614747 0.0671256 0.0634194 0.0585423 0.0608149 0.0812982 0.105732 0.0909138 0.051928 0.0305805 0.0236268 
0.264679 0.308088 0.377687 0.436921 0.452034 0.443979 0.43353 0.465634 0.505939 0.479502 0.408264 0.35792 0.335378 0.29749 0.233662 0.161439 0.100092 0.0672527 0.0643741 0.0771189 0.0840914 0.0876263 0.084815 0.0594045 0.0363707 0.0320254 0.0442768 0.0708172 0.0880754 0.0694651 0.0423851 0.0323707 0.0306648 
0.247267 0.279751 0.335751 0.408801 0.453896 0.444165 0.398404 0.363726 0.332163 0.283148 0.236774 0.224309 0.236669 0.216192 0.162444 0.119095 0.0891608 0.0735895 0.0802572 0.104675 0.125624 0.129828 0.109841 0.0628597 0.0261048 0.0177582 0.0271327 0.0463731 0.0587495 0.0517883 0.0449476 0.0487302 0.0543355 
0.254297 0.272987 0.309225 0.375649 0.424283 0.410242 0.337644 0.255692 0.1962 0.153245 0.126928 0.126382 0.134772 0.117353 0.0850468 0.0684218 0.064842 0.0740616 0.0954895 0.123057 0.140014 0.124686 0.0910184 0.0509331 0.0212697 0.0115648 0.0120207 0.0182828 0.0264597 0.0320106 0.044267 0.0645601 0.0819358 
0.257357 0.272091 0.299691 0.357582 0.405593 0.385543 0.294915 0.192768 0.126478 0.0916612 0.0765418 0.0752724 0.0698351 0.051255 0.0364925 0.0335094 0.0398511 0.0633826 0.0972543 0.123395 0.123782 0.0895199 0.0569639 0.0342549 0.0190166 0.0095718 0.00457838 0.0043042 0.00654299 0.0121635 0.0282758 0.0548965 0.0777838 
0.28567 0.305554 0.333919 0.378929 0.408101 0.369812 0.27244 0.165088 0.0923105 0.0597763 0.0488009 0.0421457 0.0301916 0.0181123 0.0131446 0.0124325 0.0187408 0.0442294 0.0845406 0.111925 0.102346 0.0665423 0.0432267 0.0306064 0.0199833 0.00843961 0.00220964 0.000999116 0.00147551 0.0056571 0.0188586 0.0387147 0.051059 
0.286538 0.313646 0.359575 0.418702 0.435683 0.375672 0.279435 0.169977 0.0877788 0.0505284 0.0342985 0.0208046 0.0102863 0.00584862 0.00498322 0.00470579 0.0100843 0.03195 0.0679346 0.09091 0.0808236 0.0569335 0.0460201 0.0399492 0.0239662 0.00583559 0.000411734 6.89413e-05 0.000842452 0.00752229 0.0234927 0.0370689 0.0381904 
0.225402 0.257423 0.321012 0.41366 0.458885 0.408759 0.318021 0.205056 0.110086 0.0609105 0.0357102 0.0154359 0.00516869 0.00243749 0.00211621 0.00294883 0.00947083 0.0279579 0.0553812 0.0743352 0.0709481 0.0603284 0.0604062 0.0594916 0.0345808 0.00651838 7.66201e-05 0 0.00200947 0.0164446 0.0406931 0.0517034 0.0489895 
0.180464 0.214438 0.281008 0.390006 0.467536 0.442422 0.361947 0.255631 0.149942 0.0825732 0.0460783 0.0175418 0.00479711 0.00139672 0.000506433 0.00133387 0.00815353 0.0249661 0.0498482 0.0706015 0.0758244 0.0717566 0.0751291 0.0768317 0.0472227 0.0111984 0.000584676 7.1314e-05 0.00450716 0.0284676 0.0598802 0.0715866 0.0723936 
