terrain
65 65
0.613282 0.575487 0.533957 0.492842 0.450006 0.402295 0.369622 0.360914 0.350773 0.333931 0.331428 0.351073 0.371424 0.365679 0.354183 0.332235 0.292959 0.242974 0.186435 0.129123 0.0859618 0.0641251 0.0604352 0.0591238 0.0461148 0.0287911 0.0230733 0.0293587 0.035441 0.0403961 0.0437583 0.0394502 0.0297234 0.0193161 0.00896002 0.00255433 0.0021055 0.006639 0.0152697 0.0260909 0.0427011 0.06825 0.0956491 0.116768 0.146862 0.184974 0.195307 0.182815 0.169645 0.155048 0.145944 0.139022 0.139591 0.149188 0.156899 0.166952 0.189747 0.228965 0.269062 0.311279 0.351119 0.385369 0.423171 0.481444 0.537775 
0.68634 0.636525 0.581981 0.538357 0.502808 0.451176 0.396016 0.360457 0.343551 0.33826 0.340898 0.35304 0.360617 0.342735 0.309055 0.271948 0.234437 0.192812 0.155789 0.121647 0.0916864 0.0763236 0.0709593 0.0586992 0.0404867 0.0269028 0.0236262 0.0278599 0.0305651 0.0330907 0.0346062 0.0311097 0.023482 0.0151348 0.00777507 0.0027919 0.00161301 0.00472065 0.0148145 0.0306635 0.0504293 0.0775071 0.106144 0.124094 0.148662 0.184699 0.208571 0.215116 0.208513 0.186843 0.172699 0.166355 0.163306 0.164503 0.165941 0.174979 0.200297 0.247111 0.302135 0.347971 0.38848 0.428815 0.462435 0.511217 0.559128 
0.782412 0.741474 0.68165 0.617042 0.56036 0.496135 0.43059 0.37643 0.344247 0.333937 0.332728 0.339283 0.333017 0.295344 0.241074 0.1999 0.169537 0.13895 0.12073 0.109223 0.0919588 0.0798713 0.0692485 0.0488158 0.0331302 0.0277038 0.0289309 0.0327699 0.0332094 0.0321187 0.029586 0.0241331 0.0175982 0.0131901 0.00992793 0.00491611 0.00188754 0.0044853 0.0185212 0.0426846 0.0667295 0.0912383 0.115144 0.130057 0.153297 0.18865 0.22264 0.242698 0.246274 0.230413 0.216235 0.206857 0.200544 0.200999 0.202374 0.210312 0.232667 0.28129 0.352673 0.409557 0.45507 0.501644 0.53166 0.56094 0.585435 
0.867126 0.845548 0.785472 0.682709 0.578989 0.495972 0.433943 0.383987 0.345029 0.320786 0.307734 0.306496 0.290864 0.243449 0.18882 0.15558 0.130267 0.108181 0.102783 0.102284 0.090374 0.0764297 0.0602587 0.0408686 0.0330242 0.0349595 0.0408423 0.0489633 0.0507159 0.0421203 0.0302745 0.0210927 0.0149073 0.0128499 0.0133576 0.00905904 0.00475315 0.00937301 0.0286291 0.0549245 0.0761752 0.0961396 0.117433 0.135703 0.161715 0.192892 0.221038 0.2388 0.254793 0.262809 0.257027 0.241539 0.233105 0.240696 0.254669 0.272874 0.295256 0.339958 0.414381 0.474782 0.523621 0.578747 0.615771 0.632198 0.636432 
0.910877 0.889829 0.824635 0.691236 0.558962 0.473403 0.422001 0.389373 0.365073 0.33659 0.304994 0.286339 0.26726 0.22453 0.178798 0.149642 0.122209 0.102192 0.0991082 0.0943734 0.0795883 0.0654507 0.0523188 0.0427318 0.0442389 0.0511977 0.0610802 0.0754416 0.0783527 0.0598624 0.0374456 0.0240723 0.0169489 0.0146593 0.0171649 0.0159704 0.0130908 0.020616 0.0393985 0.0602022 0.077814 0.0995633 0.123386 0.145275 0.168577 0.188871 0.205901 0.220166 0.243499 0.275906 0.288375 0.269224 0.254546 0.266669 0.294853 0.32608 0.353888 0.394346 0.456545 0.512442 0.567433 0.640628 0.703504 0.731384 0.730048 
0.905319 0.871221 0.807625 0.672519 0.542116 0.474076 0.441147 0.426879 0.420772 0.390878 0.341603 0.310315 0.290012 0.253831 0.215359 0.182473 0.144764 0.112702 0.0943574 0.0772307 0.0612223 0.0538969 0.0526601 0.057933 0.0708003 0.0812048 0.0909378 0.100485 0.0946155 0.0705771 0.045723 0.0305967 0.0218002 0.0181941 0.0212836 0.0243785 0.025046 0.0318943 0.0442855 0.0616554 0.0826218 0.110832 0.137916 0.156898 0.171013 0.184706 0.198948 0.209324 0.226831 0.268224 0.298736 0.284535 0.265867 0.277538 0.309071 0.34083 0.36665 0.394808 0.437624 0.493856 0.563643 0.658561 0.75175 0.802269 0.803192 
0.867338 0.820802 0.759196 0.645253 0.539196 0.497283 0.493291 0.496764 0.488967 0.44715 0.391658 0.363683 0.344857 0.313984 0.278861 0.236164 0.186857 0.137568 0.0989865 0.0723235 0.0572807 0.0578729 0.0696463 0.0868028 0.106546 0.113429 0.111976 0.107999 0.0950031 0.0728508 0.049007 0.0313497 0.0206014 0.0164749 0.0195101 0.0259149 0.0296154 0.0319754 0.0367169 0.0517426 0.077208 0.110242 0.141327 0.161829 0.173861 0.186892 0.198634 0.199058 0.205566 0.244243 0.285604 0.287158 0.274104 0.280592 0.301938 0.321914 0.332529 0.348116 0.389464 0.4547 0.532836 0.633835 0.741356 0.813858 0.830157 
0.847043 0.779414 0.699411 0.608313 0.546586 0.544198 0.578654 0.598608 0.572607 0.503481 0.437419 0.409154 0.392138 0.37034 0.340693 0.290209 0.23205 0.17634 0.12887 0.0942193 0.0766493 0.0831089 0.107061 0.127771 0.137273 0.124879 0.104654 0.0913908 0.0801554 0.0660963 0.0443209 0.0225163 0.0107049 0.00753491 0.00954739 0.0146255 0.0181882 0.0179817 0.0186192 0.0295463 0.0562 0.094506 0.130884 0.154646 0.167736 0.178759 0.183273 0.180562 0.190105 0.225119 0.2645 0.278129 0.273354 0.273987 0.277898 0.283298 0.288506 0.312013 0.372861 0.452255 0.5262 0.612661 0.708837 0.774623 0.796555 
0.87217 0.776755 0.67289 0.595237 0.567887 0.592241 0.647294 0.685145 0.659349 0.567149 0.479515 0.443305 0.434051 0.41978 0.387519 0.332102 0.26972 0.216376 0.168124 0.127318 0.109916 0.121811 0.151979 0.167465 0.157306 0.125727 0.0916548 0.0709744 0.0606777 0.0534781 0.0365497 0.0160567 0.00555772 0.00301639 0.00332281 0.00514179 0.00665064 0.00669032 0.00872789 0.0193249 0.0468975 0.0898603 0.128835 0.147197 0.152005 0.157848 0.162496 0.171484 0.191871 0.216584 0.240456 0.256067 0.256561 0.251005 0.240824 0.239776 0.254709 0.292324 0.365906 0.459564 0.541987 0.619866 0.69015 0.719278 0.722536 
0.934277 0.82169 0.703979 0.620799 0.586995 0.599231 0.643182 0.688176 0.676384 0.588679 0.494137 0.45094 0.446543 0.433507 0.396401 0.343472 0.28777 0.240424 0.195753 0.159139 0.146541 0.160315 0.18721 0.191919 0.171129 0.137072 0.0970163 0.069298 0.0570977 0.0491367 0.0327642 0.0155329 0.00604081 0.00270038 0.00192958 0.00262699 0.00328763 0.00381014 0.00812743 0.0227144 0.0546219 0.099677 0.136084 0.147938 0.142999 0.140653 0.148262 0.168283 0.190299 0.199665 0.211924 0.229766 0.223576 0.199641 0.181302 0.184884 0.212649 0.255683 0.322893 0.420913 0.519946 0.600262 0.654154 0.667651 0.664241 
0.979507 0.878434 0.754602 0.651862 0.595233 0.582843 0.60193 0.633288 0.630256 0.572846 0.492194 0.434634 0.414051 0.395447 0.365421 0.327451 0.288674 0.253207 0.214718 0.185827 0.179155 0.197536 0.219563 0.20951 0.181823 0.152638 0.115996 0.088141 0.0709173 0.0526748 0.0309331 0.0155653 0.00695689 0.00307019 0.00261113 0.00403139 0.00515389 0.00664635 0.0126186 0.0287511 0.0620152 0.10611 0.137511 0.146995 0.139856 0.132856 0.139671 0.159319 0.173504 0.173441 0.180638 0.193232 0.173886 0.139418 0.123521 0.130761 0.159127 0.202646 0.26146 0.347049 0.445578 0.526425 0.576649 0.600183 0.608552 
0.986566 0.903497 0.77094 0.656161 0.592008 0.562516 0.560129 0.573673 0.573637 0.549684 0.492592 0.425871 0.384577 0.362796 0.345734 0.326288 0.307684 0.282881 0.241425 0.208517 0.203379 0.224938 0.242597 0.228547 0.199936 0.172805 0.142299 0.116214 0.0889629 0.0573268 0.0283757 0.0121962 0.00523044 0.00326188 0.00481729 0.00802706 0.0109083 0.0151798 0.0222603 0.0342676 0.0593987 0.0962019 0.123855 0.132919 0.130462 0.132753 0.147886 0.164561 0.168609 0.16344 0.159834 0.152805 0.124161 0.096963 0.0881324 0.0925342 0.110157 0.147505 0.205043 0.282697 0.370641 0.435495 0.472332 0.501285 0.518487 
0.994831 0.90943 0.778897 0.671482 0.602912 0.549537 0.521743 0.525859 0.533538 0.530699 0.496866 0.442413 0.396372 0.376688 0.37162 0.36676 0.359687 0.339189 0.293068 0.250547 0.23121 0.233347 0.236451 0.229161 0.213818 0.193457 0.167362 0.137536 0.100257 0.0624739 0.0312579 0.0126394 0.00521026 0.00464136 0.00868717 0.0141819 0.0189822 0.0252527 0.0333841 0.0414594 0.0546001 0.0778242 0.102191 0.11491 0.119898 0.132223 0.153292 0.165547 0.162628 0.157715 0.148709 0.130055 0.100404 0.0813775 0.0756386 0.0755711 0.0851592 0.114414 0.167077 0.237935 0.314137 0.363467 0.384668 0.399542 0.407069 
1 0.914834 0.806145 0.710422 0.625149 0.544355 0.491333 0.483141 0.493376 0.498684 0.486536 0.461677 0.428555 0.414559 0.421043 0.423072 0.414178 0.396745 0.364942 0.325584 0.281324 0.250108 0.230861 0.21521 0.201487 0.189388 0.172873 0.146408 0.110948 0.0752551 0.0453503 0.0217386 0.00927838 0.00796492 0.0135355 0.0209002 0.0263878 0.0306831 0.0370914 0.0446103 0.051473 0.0635018 0.0814448 0.0948994 0.105564 0.121943 0.138784 0.149367 0.150843 0.149801 0.1432 0.129178 0.107186 0.0912237 0.0840688 0.0807444 0.0904225 0.119035 0.165394 0.219601 0.275512 0.31693 0.337213 0.339959 0.337124 
0.974552 0.911698 0.826469 0.726891 0.625353 0.537548 0.470451 0.437957 0.439736 0.451709 0.457487 0.453856 0.438411 0.442689 0.467236 0.46861 0.450659 0.437057 0.427536 0.394035 0.328536 0.275735 0.24239 0.211833 0.19078 0.185474 0.179347 0.161937 0.136149 0.10217 0.0702575 0.0421208 0.0226756 0.018668 0.0245801 0.0294663 0.0289836 0.0276466 0.0317416 0.0411862 0.0479871 0.0548597 0.0666748 0.0766004 0.0877429 0.102256 0.111407 0.123575 0.137602 0.142997 0.142378 0.142557 0.134709 0.11853 0.107014 0.104208 0.119178 0.151587 0.189492 0.216431 0.244234 0.277434 0.301121 0.304846 0.30355 
0.919141 0.883028 0.822195 0.733484 0.629831 0.534289 0.453384 0.404428 0.399539 0.409642 0.413713 0.414345 0.423917 0.461649 0.50521 0.50618 0.481402 0.45938 0.447062 0.403086 0.328254 0.279422 0.2582 0.231986 0.206652 0.198269 0.190291 0.174211 0.155849 0.125608 0.0934399 0.0675455 0.0481166 0.0424171 0.0453896 0.0406245 0.030251 0.0251015 0.0281047 0.0343577 0.0360505 0.0412079 0.0534963 0.0640281 0.0730551 0.0809685 0.0831172 0.089398 0.10547 0.117729 0.126236 0.139426 0.14415 0.132356 0.123127 0.124779 0.140339 0.170719 0.198188 0.200755 0.204712 0.23014 0.25506 0.264748 0.269042 
0.854808 0.844676 0.818521 0.751995 0.638032 0.516229 0.420339 0.370782 0.359943 0.359812 0.355382 0.363514 0.403856 0.465489 0.511067 0.513214 0.49259 0.464673 0.441164 0.391111 0.322272 0.284622 0.273895 0.25224 0.221085 0.203003 0.190414 0.173066 0.152112 0.124401 0.099647 0.0833256 0.0699388 0.0631977 0.0615598 0.0491049 0.0328213 0.0255913 0.0249286 0.0218261 0.0160199 0.0189868 0.0314339 0.0441237 0.0514523 0.0555559 0.0571951 0.0594895 0.0707503 0.0854253 0.0974872 0.112772 0.121371 0.115583 0.111661 0.116299 0.126253 0.145071 0.164241 0.165518 0.168384 0.192965 0.220046 0.232422 0.234803 
0.805395 0.814429 0.813612 0.758679 0.63643 0.495289 0.383165 0.324312 0.302968 0.304537 0.311503 0.333004 0.384697 0.441803 0.479183 0.489029 0.479483 0.463528 0.445753 0.400814 0.341952 0.311326 0.294521 0.261092 0.223854 0.203806 0.186707 0.161266 0.131121 0.105047 0.0901404 0.0831205 0.0746554 0.065951 0.0606856 0.04834 0.0316093 0.0208498 0.0141591 0.00725765 0.00327037 0.00499966 0.0116996 0.0195811 0.0259218 0.032427 0.0374855 0.042483 0.0510352 0.0599433 0.0669589 0.0811367 0.0916346 0.0848896 0.0780619 0.0831289 0.0908229 0.0997614 0.113745 0.129336 0.151829 0.186316 0.213698 0.220074 0.21487 
0.803499 0.801781 0.786086 0.719417 0.600767 0.467718 0.353154 0.285951 0.263265 0.273574 0.289683 0.310286 0.349842 0.390617 0.42134 0.437236 0.43791 0.44469 0.441927 0.408828 0.367362 0.346561 0.320687 0.274 0.232145 0.210471 0.180895 0.14026 0.105397 0.0845371 0.0768681 0.0740922 0.068466 0.0586916 0.0489965 0.0393029 0.0267204 0.0135034 0.00424789 0.000625436 0.000133522 0.000932312 0.00344537 0.00676519 0.012652 0.0217869 0.0288945 0.0361897 0.0425503 0.042489 0.0416319 0.0551651 0.0713397 0.0655999 0.0544964 0.0544875 0.0558533 0.0570272 0.068169 0.0939293 0.131312 0.178937 0.215256 0.223136 0.21678 
0.823539 0.793587 0.742333 0.643498 0.522182 0.411915 0.317845 0.263335 0.25446 0.272035 0.282874 0.286551 0.302534 0.326167 0.351225 0.366412 0.374801 0.404447 0.421297 0.403624 0.382064 0.377594 0.356431 0.304881 0.248951 0.213227 0.172944 0.126978 0.095967 0.0790786 0.0705065 0.062437 0.0555079 0.0470595 0.0351895 0.0261121 0.0177516 0.00727939 0.000971262 4.74855e-06 0 0.000142881 0.000826591 0.00256307 0.00852027 0.0179988 0.0242387 0.0294941 0.0311481 0.0267242 0.0257463 0.0407674 0.0611712 0.0611515 0.0506455 0.0442318 0.0386464 0.0345538 0.041749 0.0659425 0.103901 0.157586 0.211056 0.237085 0.24103 
0.836267 0.791813 0.71589 0.58732 0.452154 0.349823 0.277543 0.247393 0.257583 0.281999 0.291079 0.285688 0.280131 0.283273 0.298081 0.305918 0.318312 0.363886 0.399741 0.395075 0.386979 0.39483 0.381924 0.328627 0.259 0.212847 0.175794 0.134443 0.106036 0.0858772 0.0681311 0.0517549 0.0430324 0.0368833 0.0258793 0.0172362 0.0115867 0.00545771 0.00115956 0.000241352 0.000133032 8.43756e-05 0.000159868 0.00108464 0.00625757 0.0142025 0.0182089 0.0202983 0.0188604 0.0158116 0.0191073 0.0354127 0.0562935 0.0644142 0.0592111 0.0482997 0.0392413 0.0329542 0.0365329 0.0594956 0.101859 0.159428 0.216409 0.246516 0.254204 
0.833626 0.775651 0.674979 0.533301 0.396372 0.30538 0.263845 0.261843 0.282722 0.308926 0.317748 0.30493 0.281838 0.272897 0.275577 0.266425 0.271918 0.31547 0.3619 0.375082 0.375734 0.385152 0.377939 0.328005 0.258391 0.214598 0.187357 0.153736 0.122089 0.089689 0.0619994 0.0443236 0.0374032 0.0319691 0.0220044 0.0147567 0.0112526 0.00876789 0.00523135 0.00308877 0.00195731 0.000981393 0.000323521 0.000594901 0.00385544 0.0105307 0.0144411 0.0154997 0.0142162 0.0138589 0.0212796 0.0382645 0.0573106 0.0705623 0.0704391 0.0593195 0.0512602 0.0466677 0.0518251 0.0815436 0.137739 0.197778 0.239369 0.25412 0.256313 
0.773676 0.699448 0.589796 0.469588 0.358776 0.291433 0.282246 0.304465 0.326416 0.34397 0.340694 0.310304 0.277487 0.269101 0.265085 0.247174 0.245791 0.275649 0.321198 0.347969 0.350693 0.353265 0.352958 0.318915 0.261619 0.220433 0.192846 0.16156 0.126163 0.0847318 0.0532341 0.038427 0.0341694 0.0307051 0.0244461 0.0192009 0.0171651 0.0180155 0.0147394 0.00909651 0.00584239 0.00429008 0.00199648 0.00111411 0.0033681 0.0097404 0.0134031 0.0125343 0.0115294 0.0139196 0.0254271 0.0438464 0.0642152 0.0843446 0.0889866 0.078769 0.0730595 0.0750366 0.0910222 0.131814 0.194235 0.241914 0.259142 0.262057 0.267742 
0.68326 0.603525 0.508662 0.426568 0.354288 0.311702 0.315114 0.33599 0.347325 0.357051 0.348011 0.307735 0.273419 0.268727 0.266509 0.255046 0.253224 0.272168 0.31047 0.33306 0.330336 0.324825 0.32232 0.302736 0.262552 0.220466 0.183865 0.151371 0.117813 0.078864 0.0487264 0.0353145 0.0329594 0.0343671 0.0325738 0.0265306 0.0243125 0.0285311 0.0256417 0.0159251 0.010279 0.00898075 0.00562768 0.00297294 0.0048644 0.0109784 0.0129556 0.00911675 0.00665722 0.00919887 0.0210231 0.0406044 0.0661674 0.09486 0.105567 0.0966648 0.0936153 0.10497 0.133858 0.178907 0.233235 0.263559 0.264481 0.261202 0.269996 
0.62045 0.544835 0.464406 0.406303 0.365771 0.34322 0.340817 0.341828 0.343073 0.36073 0.367412 0.335022 0.306651 0.305443 0.301429 0.286042 0.275964 0.284952 0.309595 0.316886 0.311086 0.306639 0.297626 0.282559 0.256762 0.216064 0.174199 0.141165 0.109823 0.0760589 0.0502013 0.0401277 0.0415996 0.0472133 0.0453867 0.0342484 0.0287083 0.0328328 0.0317014 0.0229551 0.0169044 0.0156993 0.0112949 0.00693366 0.00825581 0.0122515 0.0107262 0.00544781 0.00299653 0.00514766 0.0142215 0.0301147 0.0550033 0.0853265 0.0989182 0.0924693 0.0945703 0.115044 0.150293 0.194404 0.241169 0.269811 0.27431 0.268782 0.271728 
0.566478 0.498727 0.426904 0.382871 0.362455 0.353959 0.352823 0.345858 0.341898 0.368656 0.393209 0.379809 0.362534 0.356955 0.33661 0.30398 0.283872 0.285893 0.29188 0.279566 0.270679 0.278232 0.281681 0.27845 0.265372 0.23174 0.192861 0.156519 0.121477 0.0888266 0.0659164 0.0607083 0.0686742 0.0747078 0.0660454 0.0473142 0.0348346 0.0325643 0.0308786 0.0268157 0.0240103 0.0241326 0.0190432 0.0119911 0.010875 0.0108143 0.00720116 0.00411537 0.00366543 0.00609062 0.0114825 0.0208215 0.0385561 0.0638425 0.0793674 0.0781594 0.0860348 0.113648 0.155034 0.207469 0.253084 0.280468 0.293125 0.296558 0.303534 
0.503171 0.443511 0.379634 0.344896 0.336775 0.340449 0.358929 0.372283 0.368862 0.386544 0.413441 0.417814 0.405669 0.380731 0.334141 0.28586 0.26069 0.259458 0.252197 0.227406 0.216109 0.234112 0.260361 0.280985 0.285102 0.262432 0.233086 0.194519 0.153464 0.122322 0.104799 0.104501 0.117108 0.117467 0.0959943 0.0694264 0.0503109 0.0408653 0.0370944 0.0359882 0.0347932 0.0340545 0.029323 0.0191592 0.0121661 0.00821814 0.00585859 0.00621428 0.00807588 0.00940704 0.0107992 0.0158935 0.0272917 0.044698 0.0588585 0.0630788 0.0777687 0.113463 0.16601 0.234731 0.282503 0.295404 0.302561 0.320315 0.348266 
0.438124 0.397965 0.351842 0.314242 0.29765 0.309005 0.36054 0.413687 0.416668 0.406775 0.416403 0.424452 0.402852 0.352511 0.291496 0.247392 0.228062 0.22389 0.210781 0.1843 0.17368 0.196885 0.24101 0.283093 0.299615 0.276983 0.2466 0.214965 0.185779 0.167714 0.164121 0.171069 0.178401 0.161503 0.12503 0.0933585 0.0733497 0.060829 0.0546547 0.0550543 0.055289 0.0527243 0.0473247 0.0318666 0.014314 0.00609077 0.00500718 0.00795188 0.0116513 0.0133513 0.0147391 0.0181818 0.0233913 0.0303289 0.03796 0.0454017 0.0690238 0.116369 0.178588 0.247324 0.288976 0.294818 0.301848 0.331854 0.377059 
0.388004 0.371741 0.340991 0.290274 0.258046 0.276433 0.355275 0.441093 0.454882 0.423604 0.411743 0.405954 0.362155 0.294555 0.238675 0.211156 0.198208 0.187867 0.176009 0.160002 0.153075 0.174429 0.221158 0.268614 0.287319 0.259937 0.227182 0.213288 0.207342 0.203591 0.208558 0.219971 0.218145 0.188039 0.148379 0.115431 0.0933049 0.0786704 0.0717385 0.0745777 0.0809427 0.0810418 0.0701222 0.0428213 0.0156093 0.00561545 0.00512603 0.00829904 0.0122569 0.016385 0.0206371 0.022242 0.0208876 0.0222 0.0278406 0.0373309 0.0660084 0.121207 0.181694 0.227398 0.253965 0.274 0.306721 0.358969 0.419312 
0.360868 0.357534 0.329695 0.274175 0.239074 0.252365 0.322673 0.415536 0.453102 0.436491 0.420404 0.390932 0.320401 0.246618 0.1985 0.1771 0.162303 0.14932 0.1443 0.144691 0.14826 0.166964 0.203992 0.241095 0.255559 0.233681 0.207552 0.202031 0.204245 0.207569 0.21115 0.218441 0.211633 0.18457 0.154843 0.125582 0.102429 0.0889816 0.0842156 0.0889515 0.0978444 0.0976236 0.0785162 0.0423054 0.014631 0.00646717 0.00717123 0.0100777 0.0130166 0.0182073 0.0242094 0.0248112 0.0216837 0.02573 0.0369758 0.0499919 0.0765863 0.123565 0.171526 0.20126 0.227672 0.277778 0.35137 0.431195 0.501343 
0.314414 0.324598 0.305743 0.263968 0.240581 0.244506 0.288815 0.361487 0.407946 0.41647 0.408656 0.364104 0.279707 0.208889 0.163433 0.134702 0.116623 0.113321 0.120531 0.134165 0.152266 0.172136 0.190333 0.209373 0.224903 0.218315 0.199387 0.191329 0.196364 0.207593 0.208664 0.203379 0.18435 0.158648 0.139416 0.121324 0.106987 0.102203 0.102925 0.103331 0.0976078 0.0857582 0.0666261 0.0386918 0.0180173 0.010732 0.0100274 0.0109577 0.0136909 0.0204747 0.027716 0.0294893 0.0297145 0.0412642 0.0620111 0.07906 0.0974113 0.126875 0.164423 0.199536 0.243385 0.322515 0.426869 0.520977 0.585605 
0.256581 0.278999 0.278433 0.25977 0.251077 0.256752 0.288965 0.330015 0.355614 0.366396 0.354808 0.304927 0.235227 0.183298 0.139898 0.0996065 0.0806497 0.0894506 0.110625 0.136402 0.166193 0.185761 0.188118 0.194923 0.213366 0.218626 0.202894 0.195927 0.211242 0.230997 0.230382 0.209878 0.169242 0.13386 0.120028 0.113888 0.107213 0.108373 0.114139 0.10777 0.0836102 0.0625217 0.0521213 0.0420505 0.031091 0.0215444 0.0147218 0.012813 0.0159128 0.0220469 0.0270825 0.0303535 0.0369265 0.0559934 0.0831979 0.103076 0.117075 0.138157 0.171725 0.21563 0.27565 0.368273 0.469369 0.54646 0.596207 
0.219792 0.239388 0.247299 0.248321 0.253192 0.272397 0.308704 0.317434 0.302705 0.29211 0.272252 0.234147 0.197239 0.166338 0.126164 0.083839 0.0667762 0.0816986 0.116154 0.154105 0.183878 0.193017 0.189436 0.197863 0.221305 0.23247 0.219906 0.220771 0.245841 0.267329 0.263808 0.232883 0.175468 0.127 0.10856 0.108835 0.107377 0.103847 0.105327 0.0971094 0.0677558 0.0460344 0.0439701 0.0497605 0.0515658 0.0410754 0.0270654 0.0217795 0.0241398 0.0266261 0.0263099 0.0288915 0.0403466 0.0647422 0.0936682 0.115258 0.131964 0.153985 0.180859 0.21681 0.275379 0.36584 0.447128 0.496934 0.533312 
0.21148 0.218173 0.220744 0.224247 0.233486 0.263703 0.303409 0.289555 0.242075 0.210876 0.192371 0.17842 0.169554 0.149049 0.113886 0.081821 0.0686071 0.0832684 0.125698 0.168859 0.185673 0.183281 0.185104 0.202017 0.229537 0.246184 0.243695 0.257902 0.29192 0.306761 0.290389 0.256258 0.202993 0.15222 0.123933 0.120409 0.118967 0.104794 0.0945255 0.0867605 0.063164 0.0430741 0.0401132 0.0492888 0.0610877 0.0583362 0.0442885 0.0355636 0.0352815 0.0341208 0.0297015 0.0326821 0.0489004 0.0746198 0.09924 0.117165 0.132957 0.154537 0.174412 0.197709 0.244281 0.319252 0.382921 0.418379 0.444417 
0.231011 0.230142 0.226391 0.21875 0.21467 0.232539 0.259919 0.243737 0.198087 0.16837 0.15398 0.148286 0.144381 0.127072 0.10335 0.0872972 0.0803425 0.0923931 0.130707 0.170075 0.181625 0.180741 0.192013 0.214021 0.238408 0.25779 0.268153 0.293042 0.332692 0.347958 0.328729 0.298843 0.25559 0.20489 0.165456 0.147742 0.134241 0.108715 0.0915234 0.088054 0.0725651 0.0502835 0.0386551 0.0417164 0.0525413 0.0574081 0.0531549 0.0497011 0.049806 0.0456449 0.0385427 0.0424423 0.0624743 0.0898694 0.110241 0.117406 0.123069 0.139221 0.157089 0.174699 0.210477 0.274922 0.337996 0.374396 0.398529 
0.278811 0.277034 0.270235 0.248388 0.219343 0.204891 0.205465 0.193955 0.170167 0.160481 0.155335 0.146117 0.133415 0.119035 0.10939 0.105554 0.102448 0.109231 0.131413 0.162691 0.183733 0.193149 0.207109 0.219005 0.228352 0.250036 0.272172 0.297786 0.339327 0.37333 0.376617 0.353994 0.30677 0.246212 0.200018 0.174432 0.152287 0.122346 0.103631 0.0985855 0.0823141 0.0569914 0.0403417 0.0381101 0.0429626 0.0478437 0.0520044 0.0608913 0.0688797 0.0630468 0.0510222 0.0525378 0.0743304 0.109364 0.128477 0.119407 0.109604 0.117476 0.137006 0.163468 0.202734 0.265408 0.339197 0.388029 0.414103 
0.316391 0.31623 0.306048 0.275219 0.231744 0.193206 0.166001 0.150102 0.142871 0.155011 0.167574 0.162307 0.145247 0.132859 0.129161 0.126197 0.12057 0.122676 0.13206 0.158657 0.193232 0.212956 0.218617 0.208607 0.20129 0.224363 0.252139 0.278334 0.325369 0.379851 0.408742 0.388914 0.330063 0.260356 0.215399 0.195024 0.174364 0.145254 0.126544 0.114495 0.0922057 0.0671386 0.0502233 0.0450357 0.0461696 0.0470116 0.0516961 0.0675394 0.081254 0.0764673 0.0650437 0.0663944 0.0904518 0.13376 0.154118 0.134122 0.111118 0.110835 0.135871 0.181655 0.233463 0.29337 0.370289 0.431694 0.461717 
0.329802 0.331565 0.313331 0.277776 0.23775 0.195064 0.150482 0.12418 0.119215 0.138121 0.164616 0.173926 0.166599 0.155541 0.147846 0.142625 0.138677 0.140418 0.145786 0.170192 0.210051 0.235097 0.231158 0.208939 0.196823 0.217266 0.245335 0.279813 0.33246 0.383358 0.408785 0.384629 0.322254 0.260311 0.226779 0.214097 0.194603 0.168736 0.155175 0.148523 0.131092 0.106071 0.0816653 0.0680891 0.0650209 0.0602698 0.0596366 0.0702244 0.0786023 0.0780823 0.0772177 0.0837736 0.108975 0.152555 0.174197 0.158879 0.138264 0.134251 0.158413 0.210109 0.266813 0.319577 0.386745 0.454398 0.49783 
0.342586 0.342 0.315972 0.277993 0.243273 0.202975 0.153697 0.120999 0.112371 0.1312 0.164744 0.185476 0.191533 0.182771 0.168607 0.161732 0.163067 0.165426 0.170585 0.195559 0.231317 0.251453 0.242512 0.222865 0.217654 0.240739 0.275469 0.326075 0.382135 0.402512 0.397375 0.374274 0.323607 0.270372 0.240566 0.226947 0.206307 0.191242 0.193836 0.207539 0.203065 0.169866 0.12455 0.0955451 0.0882398 0.0815701 0.076064 0.0780627 0.0803687 0.0832591 0.0894151 0.101354 0.129286 0.168271 0.188086 0.185895 0.181777 0.180631 0.191682 0.227309 0.277071 0.324711 0.383158 0.461525 0.531309 
0.367859 0.350463 0.311097 0.27636 0.251725 0.217072 0.173003 0.144612 0.137775 0.161148 0.199609 0.218446 0.221433 0.206044 0.181793 0.171926 0.177927 0.188681 0.205947 0.234823 0.254752 0.252103 0.23559 0.223548 0.226992 0.259266 0.310521 0.381813 0.449137 0.453116 0.422395 0.397221 0.352007 0.289686 0.250285 0.232464 0.209182 0.199837 0.219896 0.259314 0.267955 0.217279 0.148026 0.108756 0.103815 0.105891 0.0997853 0.0946167 0.0972248 0.106874 0.119479 0.139958 0.175292 0.207695 0.221017 0.227413 0.233381 0.233951 0.232606 0.251675 0.2923 0.339894 0.401807 0.489148 0.567746 
0.400393 0.360535 0.302896 0.270008 0.264595 0.251041 0.221677 0.200293 0.194638 0.2195 0.256448 0.263973 0.247886 0.214886 0.180239 0.168123 0.174235 0.191845 0.220026 0.247162 0.254074 0.239618 0.222159 0.213541 0.219763 0.258665 0.321246 0.404164 0.487682 0.51222 0.485095 0.448945 0.388292 0.309799 0.261883 0.239487 0.210886 0.198603 0.225121 0.273379 0.288766 0.238824 0.163639 0.117718 0.112773 0.125254 0.122965 0.115987 0.126657 0.15056 0.179138 0.215595 0.257026 0.283646 0.294436 0.305137 0.30512 0.294843 0.285154 0.293272 0.322689 0.368384 0.438721 0.522334 0.582664 
0.413045 0.372745 0.317214 0.290659 0.302287 0.317316 0.306 0.282669 0.267923 0.28013 0.304042 0.303623 0.271985 0.222818 0.180527 0.161499 0.160326 0.176613 0.199079 0.214985 0.226226 0.230409 0.228031 0.224898 0.233805 0.269329 0.326829 0.3997 0.475681 0.521633 0.525215 0.490848 0.414596 0.330733 0.279164 0.246487 0.214402 0.203827 0.228423 0.265999 0.280484 0.252075 0.191439 0.143892 0.134898 0.148679 0.151975 0.153162 0.17596 0.215916 0.267019 0.315509 0.343361 0.357135 0.375272 0.399127 0.390178 0.353624 0.328544 0.328578 0.354064 0.40424 0.471408 0.527889 0.561841 
0.394645 0.376722 0.351426 0.344067 0.364502 0.398714 0.403526 0.377563 0.348762 0.327784 0.314559 0.300471 0.269529 0.224156 0.183411 0.15835 0.14853 0.161897 0.177707 0.181318 0.195246 0.221834 0.249083 0.269242 0.285526 0.301609 0.331514 0.377503 0.43273 0.49017 0.532865 0.520102 0.443331 0.359594 0.300169 0.253251 0.220403 0.215787 0.238234 0.271672 0.293827 0.281063 0.235025 0.198226 0.187658 0.1922 0.200577 0.223256 0.265255 0.316972 0.377203 0.410758 0.400908 0.394351 0.424033 0.470628 0.463278 0.402286 0.354189 0.344646 0.376392 0.437642 0.489888 0.512813 0.532366 
0.385985 0.390811 0.401466 0.416793 0.438069 0.470003 0.477228 0.451556 0.411323 0.350069 0.292629 0.259824 0.239001 0.217833 0.191789 0.166344 0.148621 0.153949 0.16415 0.164683 0.179843 0.218847 0.274222 0.324236 0.350125 0.348198 0.351241 0.375043 0.417755 0.481904 0.542687 0.54281 0.469017 0.37383 0.296022 0.245033 0.22004 0.221081 0.245802 0.295429 0.344643 0.342326 0.301365 0.271897 0.254287 0.250557 0.275576 0.328782 0.384079 0.42649 0.469772 0.475626 0.433831 0.405819 0.433616 0.495819 0.499114 0.431931 0.368378 0.347727 0.382958 0.454621 0.509019 0.528991 0.554049 
0.412638 0.427663 0.457292 0.491552 0.517139 0.532332 0.528911 0.503654 0.452287 0.358799 0.273848 0.234062 0.223217 0.222716 0.214936 0.197014 0.175383 0.163779 0.159357 0.161172 0.180514 0.223788 0.285755 0.341474 0.371882 0.37701 0.383571 0.405299 0.447943 0.511923 0.55407 0.531009 0.450905 0.350726 0.272169 0.234318 0.222825 0.227286 0.251102 0.307303 0.375951 0.394763 0.372037 0.342483 0.310215 0.307743 0.354015 0.421938 0.464871 0.479243 0.500263 0.496115 0.454012 0.422932 0.435974 0.483644 0.484708 0.427188 0.372136 0.35135 0.376542 0.44927 0.526349 0.565271 0.593032 
0.449558 0.45484 0.479226 0.526037 0.572576 0.588001 0.576996 0.550244 0.490252 0.38111 0.28509 0.247698 0.243258 0.250391 0.255022 0.251111 0.22918 0.194225 0.1712 0.17274 0.191997 0.232281 0.288217 0.333337 0.361631 0.386557 0.408819 0.427056 0.467106 0.526574 0.537596 0.47598 0.392349 0.312503 0.253865 0.23151 0.233896 0.245049 0.266829 0.308723 0.364071 0.400625 0.409272 0.385855 0.344244 0.33574 0.376684 0.437208 0.469108 0.466582 0.473771 0.474817 0.454412 0.440262 0.44075 0.454978 0.441654 0.403809 0.380549 0.378697 0.393489 0.449011 0.528439 0.575934 0.593501 
0.43375 0.426409 0.435606 0.48542 0.561178 0.608356 0.606368 0.57987 0.524431 0.424398 0.328901 0.289079 0.280621 0.284112 0.293295 0.301309 0.286904 0.246352 0.215061 0.212256 0.219768 0.245588 0.29237 0.332851 0.363376 0.397415 0.418403 0.424105 0.45334 0.500603 0.491372 0.41664 0.348107 0.297764 0.253017 0.233554 0.248719 0.274201 0.293374 0.312881 0.341294 0.381438 0.409215 0.399473 0.369444 0.355628 0.374286 0.419057 0.452269 0.456029 0.470322 0.483405 0.473712 0.465471 0.455111 0.440698 0.4141 0.392172 0.399575 0.424343 0.437639 0.456014 0.496008 0.53435 0.54849 
0.37886 0.380553 0.391292 0.4371 0.519283 0.592846 0.608767 0.590164 0.553555 0.480237 0.390722 0.332184 0.302823 0.298069 0.31136 0.326855 0.323306 0.298854 0.274748 0.271231 0.269183 0.27365 0.303398 0.345525 0.382516 0.409275 0.413631 0.402963 0.416116 0.448309 0.437073 0.381153 0.337685 0.304786 0.261321 0.23818 0.258654 0.292448 0.30612 0.31509 0.332306 0.366008 0.392641 0.395338 0.389861 0.388063 0.404463 0.446512 0.482211 0.493914 0.522228 0.549943 0.539146 0.516196 0.489981 0.458643 0.427228 0.408202 0.418028 0.448674 0.459271 0.441045 0.431041 0.451083 0.470142 
0.338407 0.360147 0.386399 0.429634 0.494999 0.566117 0.605996 0.608562 0.587141 0.53555 0.455053 0.381657 0.337599 0.323318 0.324404 0.328867 0.328755 0.324331 0.318848 0.327186 0.329327 0.315906 0.31843 0.354438 0.398422 0.420765 0.414996 0.387087 0.375709 0.386091 0.38209 0.362844 0.346256 0.319642 0.272395 0.241705 0.251633 0.279851 0.294971 0.314588 0.337404 0.359034 0.374414 0.379774 0.390461 0.41072 0.454172 0.518503 0.56245 0.576409 0.604694 0.629588 0.610407 0.567425 0.526658 0.487643 0.456483 0.431657 0.422742 0.437052 0.44158 0.411221 0.373878 0.370168 0.382851 
0.322187 0.355668 0.391962 0.433263 0.477066 0.531168 0.589 0.613372 0.600675 0.558024 0.490894 0.433013 0.397354 0.368818 0.339563 0.325022 0.328075 0.338384 0.352049 0.372713 0.378123 0.358807 0.340762 0.360547 0.406527 0.444966 0.454043 0.412757 0.366408 0.344645 0.341655 0.353991 0.361535 0.342297 0.296406 0.254519 0.241536 0.25023 0.263788 0.295871 0.332848 0.352991 0.359328 0.356951 0.36339 0.395609 0.472023 0.578579 0.649954 0.671906 0.68298 0.67656 0.640997 0.587595 0.544316 0.507863 0.47563 0.445687 0.427476 0.434933 0.438517 0.409069 0.361722 0.336638 0.3362 
0.325182 0.372205 0.410552 0.439905 0.47259 0.515462 0.560488 0.581718 0.579117 0.549513 0.500722 0.469543 0.447949 0.411679 0.360965 0.328594 0.331519 0.354241 0.384057 0.409491 0.416628 0.403589 0.377947 0.3824 0.430353 0.495474 0.531154 0.487685 0.413086 0.355263 0.327112 0.333092 0.345718 0.343449 0.322987 0.289229 0.258529 0.24009 0.240349 0.268635 0.312942 0.347404 0.361492 0.354755 0.350318 0.377202 0.456531 0.578245 0.666906 0.697165 0.702458 0.685649 0.644433 0.587449 0.547056 0.516002 0.47924 0.449943 0.445589 0.473097 0.485825 0.452724 0.397556 0.358357 0.348215 
0.369285 0.426866 0.465666 0.48487 0.51535 0.543599 0.547591 0.542226 0.537746 0.521006 0.498009 0.48492 0.460039 0.42109 0.371155 0.325061 0.311563 0.338187 0.383227 0.420158 0.443507 0.447656 0.426937 0.427502 0.479822 0.563297 0.612736 0.572338 0.488944 0.400635 0.326445 0.293395 0.295607 0.314858 0.329131 0.32176 0.290708 0.254966 0.245894 0.269157 0.315154 0.367515 0.399067 0.393553 0.380778 0.3897 0.43679 0.526243 0.60147 0.634472 0.656644 0.662814 0.628089 0.572987 0.539419 0.506217 0.455859 0.429536 0.453265 0.515881 0.545525 0.50633 0.446765 0.406753 0.394614 
0.456911 0.501492 0.528621 0.543253 0.567052 0.569462 0.539169 0.51642 0.50517 0.487275 0.479749 0.474495 0.434868 0.386754 0.347557 0.30931 0.292306 0.323357 0.374158 0.421754 0.471355 0.504235 0.499189 0.494627 0.533345 0.60651 0.647766 0.608319 0.534815 0.442247 0.343329 0.280469 0.266914 0.286368 0.312403 0.327404 0.31435 0.285435 0.284506 0.31522 0.358449 0.410215 0.448537 0.45283 0.441904 0.429635 0.434106 0.472367 0.523909 0.56376 0.599288 0.623219 0.605481 0.56434 0.543131 0.5126 0.452005 0.420227 0.451176 0.526272 0.564469 0.524824 0.470472 0.444937 0.442691 
0.557446 0.56822 0.564204 0.558743 0.565298 0.552651 0.527781 0.52128 0.514784 0.485815 0.466164 0.448892 0.398991 0.344853 0.31062 0.292072 0.297715 0.347651 0.404458 0.45396 0.514764 0.570441 0.588023 0.57337 0.569501 0.601916 0.631299 0.605719 0.550999 0.471525 0.373229 0.300964 0.273829 0.277655 0.296688 0.327784 0.345238 0.342112 0.355538 0.383764 0.407602 0.444245 0.484923 0.508235 0.509414 0.482611 0.455313 0.451972 0.485475 0.53331 0.570357 0.602237 0.60953 0.579643 0.551044 0.522198 0.470627 0.436827 0.45479 0.512265 0.538929 0.502799 0.462 0.451063 0.457031 
0.634653 0.635323 0.610012 0.568333 0.541174 0.512754 0.50095 0.515487 0.52024 0.494071 0.458883 0.420501 0.373173 0.333184 0.304607 0.296515 0.324257 0.392973 0.460847 0.512213 0.563394 0.610166 0.635597 0.619335 0.581951 0.572346 0.589337 0.580169 0.536416 0.469855 0.390873 0.328231 0.300405 0.298484 0.31091 0.348256 0.392421 0.420661 0.440948 0.440132 0.43251 0.461018 0.503255 0.533132 0.541391 0.511243 0.477657 0.462761 0.485018 0.526023 0.557022 0.591885 0.617242 0.593783 0.547663 0.507675 0.467283 0.440504 0.445872 0.472175 0.475322 0.44468 0.423658 0.430817 0.445469 
0.682976 0.702116 0.676919 0.605846 0.53692 0.474641 0.445939 0.454959 0.474108 0.476832 0.449961 0.412085 0.375814 0.347867 0.327346 0.326044 0.360943 0.428163 0.499997 0.553365 0.593297 0.618925 0.628951 0.609913 0.568527 0.540678 0.539027 0.524221 0.479082 0.432385 0.392101 0.350117 0.328263 0.330877 0.344551 0.376899 0.429243 0.477549 0.497386 0.472915 0.451885 0.479702 0.510075 0.522016 0.524183 0.499237 0.476239 0.465496 0.470357 0.486418 0.511305 0.55222 0.581065 0.560986 0.512431 0.471775 0.442985 0.419534 0.406603 0.398633 0.382876 0.357534 0.351065 0.37559 0.404962 
0.683642 0.718254 0.70973 0.633804 0.53586 0.450516 0.399812 0.39232 0.426663 0.470302 0.477714 0.458332 0.418061 0.372407 0.350191 0.357091 0.391001 0.444429 0.512924 0.566678 0.59679 0.60792 0.604424 0.580898 0.548301 0.51431 0.486471 0.454836 0.414646 0.393149 0.385009 0.3626 0.35139 0.360634 0.37621 0.395989 0.43663 0.479846 0.497595 0.479019 0.460816 0.480771 0.499123 0.49411 0.47767 0.448995 0.432848 0.423334 0.409945 0.401143 0.417554 0.463515 0.498232 0.493825 0.464816 0.444008 0.424879 0.392479 0.362549 0.334688 0.310827 0.286877 0.280852 0.307337 0.344527 
0.648818 0.681563 0.688753 0.625811 0.526174 0.450772 0.400564 0.385773 0.427783 0.498663 0.53936 0.530863 0.467893 0.392235 0.36844 0.391283 0.426482 0.466751 0.523887 0.560884 0.566202 0.559868 0.548137 0.530905 0.516249 0.48348 0.436601 0.398161 0.374704 0.375234 0.379728 0.365648 0.365759 0.385839 0.400851 0.399884 0.41686 0.441406 0.452661 0.449885 0.435293 0.435464 0.444688 0.437019 0.407275 0.37523 0.36055 0.348196 0.32995 0.313866 0.320065 0.355635 0.395364 0.423248 0.429706 0.420203 0.388621 0.349802 0.327739 0.306371 0.283897 0.257752 0.244345 0.262607 0.297129 
0.618849 0.640402 0.644548 0.596076 0.520394 0.473381 0.442989 0.437001 0.476211 0.534464 0.576103 0.572129 0.497639 0.413265 0.398584 0.434186 0.469526 0.498703 0.530799 0.534612 0.513897 0.489837 0.468759 0.466284 0.470904 0.445373 0.39666 0.358516 0.345165 0.357589 0.366701 0.356683 0.366766 0.399516 0.414282 0.397924 0.395619 0.394142 0.386376 0.39161 0.381848 0.35887 0.344872 0.330487 0.306344 0.287069 0.275782 0.26319 0.251342 0.240048 0.243318 0.267128 0.300628 0.348416 0.386298 0.376957 0.327986 0.293622 0.293449 0.296605 0.289418 0.270354 0.253538 0.259134 0.278685 
0.593783 0.600257 0.596435 0.57011 0.536678 0.524483 0.520215 0.523575 0.541468 0.555683 0.569776 0.56254 0.498893 0.43371 0.431046 0.463925 0.498912 0.523223 0.526427 0.496488 0.457395 0.42378 0.405895 0.422434 0.436148 0.418619 0.381425 0.344235 0.32848 0.340718 0.349756 0.345244 0.366902 0.404141 0.410112 0.387612 0.373214 0.349689 0.322496 0.319171 0.306665 0.270597 0.238986 0.223301 0.216697 0.212303 0.202403 0.188801 0.180508 0.176754 0.185338 0.208258 0.236613 0.281188 0.325739 0.317642 0.269232 0.243373 0.25835 0.286374 0.299579 0.291506 0.277502 0.274601 0.275163 
0.580949 0.575349 0.565964 0.557065 0.55833 0.578822 0.60213 0.606781 0.594541 0.56787 0.546267 0.518325 0.472384 0.441186 0.44338 0.446381 0.460531 0.488038 0.49955 0.467271 0.414972 0.373587 0.368778 0.405152 0.426517 0.414791 0.381071 0.337683 0.321163 0.336658 0.349003 0.355936 0.385486 0.405971 0.389804 0.361349 0.336483 0.303125 0.266016 0.246939 0.232525 0.208477 0.185598 0.173726 0.17347 0.176825 0.168 0.151406 0.145326 0.150384 0.161346 0.180661 0.208274 0.2455 0.282328 0.273096 0.23013 0.211888 0.232759 0.272906 0.298683 0.298065 0.285389 0.276918 0.265341 
0.599808 0.600083 0.584229 0.565261 0.569602 0.602503 0.640299 0.648917 0.627593 0.577935 0.521407 0.474238 0.451729 0.449096 0.442773 0.406375 0.384443 0.406318 0.444533 0.444071 0.402661 0.364231 0.36637 0.407465 0.428658 0.411767 0.378879 0.339964 0.329725 0.353423 0.379788 0.400144 0.425044 0.418873 0.37882 0.339966 0.307512 0.269869 0.22592 0.197991 0.191552 0.187018 0.179793 0.171446 0.164313 0.162012 0.15508 0.146395 0.151692 0.16784 0.180134 0.190055 0.210623 0.239612 0.264239 0.252754 0.218312 0.20898 0.232211 0.275958 0.307294 0.311262 0.299109 0.284882 0.266916 
0.646642 0.662026 0.649888 0.612659 0.586625 0.591306 0.62251 0.650719 0.649619 0.601462 0.523783 0.46212 0.451824 0.458588 0.434428 0.378594 0.339328 0.344634 0.381172 0.407898 0.405831 0.39162 0.390591 0.421007 0.44019 0.42152 0.397231 0.372894 0.366249 0.386939 0.417674 0.436926 0.44954 0.432776 0.385395 0.345914 0.312632 0.268267 0.218644 0.187416 0.183989 0.180816 0.168481 0.158702 0.14988 0.142593 0.14039 0.148593 0.171204 0.198419 0.212964 0.213339 0.226078 0.251507 0.265954 0.249818 0.225465 0.22967 0.262566 0.31129 0.339989 0.337491 0.330601 0.322188 0.306348 
0.674387 0.700192 0.706205 0.671858 0.617492 0.585936 0.602535 0.647131 0.662923 0.623603 0.544953 0.474061 0.455503 0.452715 0.41624 0.365588 0.332642 0.327284 0.346645 0.379151 0.410609 0.419856 0.415201 0.434018 0.454734 0.451097 0.443432 0.431629 0.424248 0.426524 0.429639 0.426182 0.434055 0.433541 0.401563 0.36888 0.33899 0.294274 0.245671 0.209726 0.196088 0.17924 0.146197 0.12611 0.121413 0.124118 0.132908 0.149237 0.177236 0.207404 0.220504 0.222661 0.244945 0.273481 0.279835 0.262686 0.250677 0.270983 0.316337 0.362058 0.375148 0.356368 0.354303 0.365754 0.371447 
0.659513 0.696691 0.722485 0.696496 0.631429 0.59128 0.603062 0.649437 0.666253 0.63254 0.564798 0.488482 0.451293 0.436344 0.400654 0.362791 0.342315 0.335878 0.34269 0.373617 0.42057 0.438585 0.437673 0.453613 0.473462 0.482819 0.488284 0.487026 0.484968 0.464732 0.426219 0.400259 0.414783 0.43868 0.426182 0.392125 0.360225 0.322121 0.279887 0.239643 0.21203 0.181921 0.135108 0.106726 0.102293 0.114184 0.133353 0.150751 0.173725 0.19585 0.205159 0.219867 0.260813 0.294781 0.296959 0.279878 0.275169 0.306616 0.354456 0.387227 0.386092 0.353817 0.350195 0.381438 0.419664 
