terrain
33 33
0.100967 0.100325 0.13299 0.225427 0.303691 0.265738 0.195099 0.189711 0.239441 0.268699 0.260462 0.222253 0.180226 0.179139 0.237481 0.327868 0.362856 0.302456 0.253217 0.267884 0.297163 0.333036 0.356751 0.360925 0.343425 0.307057 0.27295 0.242283 0.221974 0.188523 0.136814 0.114306 0.120072 
0.132751 0.125873 0.137377 0.196259 0.250551 0.226424 0.19088 0.200715 0.236221 0.237793 0.207084 0.170002 0.146824 0.162508 0.221495 0.294192 0.324086 0.27568 0.226157 0.216395 0.23007 0.270431 0.305853 0.32564 0.316551 0.278258 0.257083 0.2412 0.213622 0.17474 0.136058 0.127798 0.1461 
0.167073 0.159651 0.161434 0.195863 0.226955 0.212492 0.195619 0.202894 0.218642 0.206102 0.173749 0.146287 0.138519 0.16356 0.210135 0.25123 0.26858 0.231961 0.183994 0.159121 0.162924 0.201252 0.250896 0.292601 0.29067 0.243641 0.211222 0.188147 0.16356 0.14774 0.142208 0.149029 0.167615 
0.208846 0.201912 0.2081 0.234046 0.247662 0.230804 0.197567 0.170442 0.161012 0.155862 0.159144 0.161265 0.157203 0.162388 0.174336 0.185261 0.19773 0.178891 0.14358 0.122516 0.122293 0.144412 0.187039 0.241149 0.257566 0.215867 0.162893 0.116854 0.0987198 0.115005 0.143476 0.155955 0.15671 
0.303115 0.288574 0.286055 0.295172 0.290797 0.260939 0.201044 0.139687 0.105213 0.102552 0.134202 0.159144 0.149553 0.129903 0.121964 0.122581 0.131867 0.126722 0.107296 0.098035 0.10286 0.114371 0.146036 0.206798 0.245996 0.216765 0.153084 0.0918616 0.0695154 0.0930556 0.125811 0.120622 0.0979825 
0.399458 0.380179 0.358965 0.342503 0.331116 0.297568 0.221843 0.130802 0.0695271 0.0557881 0.0815598 0.106917 0.104113 0.0946813 0.0969271 0.0981953 0.0970217 0.0911169 0.0818573 0.0839204 0.0989905 0.109438 0.136692 0.202792 0.258401 0.243898 0.183281 0.114784 0.0797363 0.0890888 0.100178 0.0740145 0.0428567 
0.41015 0.382569 0.354827 0.33177 0.322316 0.293971 0.217423 0.115855 0.0455062 0.0264035 0.0393429 0.0603999 0.0701126 0.0821259 0.102186 0.106867 0.0946167 0.0804453 0.0706733 0.0764137 0.0936376 0.0985976 0.116922 0.18435 0.253199 0.248154 0.190138 0.127132 0.0923927 0.0883679 0.0816221 0.0503025 0.0215304 
0.376612 0.34914 0.329546 0.307778 0.28051 0.23783 0.171526 0.0952237 0.0389011 0.0198769 0.0244859 0.0423748 0.0680656 0.101114 0.12562 0.118486 0.0971162 0.0857634 0.0789544 0.08041 0.0861047 0.0836043 0.0957889 0.153987 0.216533 0.207051 0.148927 0.102288 0.0836638 0.0825783 0.0726089 0.041259 0.0161266 
0.365354 0.34504 0.333923 0.310015 0.256258 0.184106 0.119851 0.0748641 0.0423241 0.0273434 0.0277112 0.0427101 0.083305 0.138805 0.163365 0.139055 0.113142 0.115848 0.119901 0.111283 0.101386 0.0967926 0.109508 0.150631 0.186295 0.162932 0.108173 0.0776765 0.0701464 0.0736782 0.0669716 0.0372087 0.014644 
0.320125 0.326285 0.34259 0.332341 0.273835 0.187849 0.115348 0.074426 0.0523382 0.0461667 0.0510481 0.0683732 0.117797 0.190026 0.229482 0.206063 0.175951 0.179741 0.189496 0.174003 0.151971 0.14452 0.154151 0.171323 0.181128 0.150166 0.100656 0.0753907 0.065351 0.0633953 0.0597034 0.0384853 0.018908 
0.244782 0.267008 0.305376 0.311655 0.273931 0.214469 0.153591 0.108869 0.0847922 0.0873681 0.106365 0.135465 0.190409 0.272876 0.333272 0.331356 0.304084 0.293637 0.29754 0.283682 0.254671 0.232775 0.22177 0.213152 0.209925 0.177868 0.128267 0.0931305 0.0704581 0.0555414 0.0475403 0.0372058 0.0264568 
0.217568 0.228646 0.249848 0.243552 0.221006 0.209321 0.198396 0.178318 0.160406 0.16846 0.201555 0.248968 0.309306 0.390576 0.461966 0.479158 0.451039 0.426272 0.416843 0.395164 0.362493 0.328211 0.294882 0.276719 0.28372 0.263252 0.205071 0.143817 0.0975489 0.0607886 0.0422191 0.0377008 0.0360815 
0.245966 0.237148 0.220395 0.19119 0.177757 0.202862 0.241236 0.256063 0.24505 0.240456 0.279081 0.355684 0.423456 0.48323 0.543884 0.550573 0.506821 0.467924 0.439999 0.412725 0.394199 0.378701 0.357182 0.355295 0.379232 0.365917 0.299678 0.217267 0.13946 0.0752093 0.0484889 0.0487853 0.0523929 
0.316377 0.292189 0.23839 0.182819 0.166862 0.203888 0.260217 0.291281 0.281614 0.262917 0.301586 0.398868 0.473709 0.507281 0.527427 0.502753 0.455462 0.419529 0.384626 0.363863 0.363933 0.382643 0.401619 0.419952 0.431397 0.394847 0.331052 0.257442 0.16124 0.0836007 0.0561045 0.0576711 0.0627445 
0.372825 0.340551 0.272452 0.202763 0.181321 0.210293 0.262943 0.312263 0.32312 0.308694 0.336896 0.412364 0.470594 0.495031 0.494192 0.463493 0.422784 0.383456 0.351518 0.340974 0.33982 0.35936 0.397843 0.42059 0.400548 0.338331 0.284058 0.232905 0.147703 0.080773 0.055826 0.04986 0.0496576 
0.360155 0.33796 0.288833 0.229721 0.20389 0.211497 0.260231 0.35828 0.429728 0.432417 0.429447 0.440611 0.444518 0.462764 0.477868 0.471171 0.441469 0.384121 0.345466 0.33243 0.315407 0.320578 0.355802 0.362841 0.314969 0.247578 0.199968 0.163315 0.108723 0.0684767 0.0491003 0.0356123 0.0291335 
0.30979 0.294408 0.261075 0.215363 0.18962 0.190306 0.240056 0.374931 0.51045 0.551063 0.521357 0.460147 0.408198 0.420588 0.465361 0.494828 0.475449 0.401959 0.350061 0.322695 0.282601 0.273991 0.299697 0.286832 0.225946 0.168539 0.12806 0.0979891 0.0709392 0.0513847 0.0351121 0.0227319 0.0176808 
0.241046 0.22433 0.18841 0.14828 0.133053 0.149495 0.204776 0.333565 0.479331 0.55324 0.531555 0.450798 0.3936 0.422091 0.499928 0.556968 0.536327 0.462699 0.402092 0.352851 0.295417 0.27482 0.276519 0.236067 0.169205 0.119497 0.0836815 0.0573754 0.0474825 0.0387989 0.022646 0.0153576 0.0169748 
0.178011 0.161523 0.130212 0.100767 0.0993606 0.133095 0.194231 0.300351 0.415283 0.481162 0.472851 0.424687 0.411226 0.480654 0.59672 0.67798 0.660351 0.599699 0.532614 0.452053 0.369445 0.322002 0.279956 0.200148 0.126202 0.0837177 0.0585392 0.0404058 0.0350148 0.0299385 0.01858 0.018106 0.0286695 
0.130845 0.129372 0.115885 0.0935639 0.0964444 0.139284 0.207469 0.297039 0.374707 0.409777 0.401217 0.397854 0.45438 0.576218 0.712314 0.816854 0.830835 0.794679 0.728213 0.609234 0.468189 0.359558 0.269402 0.166706 0.091906 0.0566448 0.0418526 0.03283 0.0259481 0.0208862 0.0192472 0.0293035 0.0469074 
0.102415 0.115529 0.12059 0.108398 0.11496 0.161477 0.227917 0.292306 0.334334 0.355891 0.366201 0.403775 0.505857 0.643469 0.772623 0.890312 0.943788 0.940862 0.880504 0.736948 0.548676 0.392243 0.273221 0.162254 0.0814872 0.0402768 0.0222541 0.0161265 0.0121864 0.0118552 0.0211327 0.0422538 0.0607332 
0.0962581 0.103064 0.11369 0.117814 0.137863 0.188545 0.234629 0.256407 0.275461 0.309751 0.349585 0.407664 0.502599 0.604194 0.710702 0.83313 0.92443 0.968444 0.926581 0.786074 0.598882 0.447678 0.320933 0.189665 0.0858224 0.0288147 0.00688667 0.00246703 0.00201864 0.00506173 0.0195938 0.0450849 0.0622011 
0.101362 0.0956269 0.103897 0.117308 0.141202 0.181646 0.200619 0.195921 0.216687 0.273903 0.324583 0.368628 0.433682 0.509493 0.59871 0.699111 0.783667 0.848446 0.85934 0.794285 0.661672 0.524566 0.38397 0.230335 0.101457 0.0261162 0.0021795 2.34695e-05 6.05548e-05 0.00165054 0.011685 0.0345238 0.0574247 
0.115357 0.105386 0.10803 0.11996 0.13396 0.151444 0.151607 0.146725 0.180897 0.255501 0.307526 0.327415 0.359573 0.423526 0.497786 0.552226 0.588027 0.63551 0.695305 0.741468 0.694885 0.553896 0.40442 0.264983 0.129576 0.0345353 0.00234006 0 0.000172308 0.00241951 0.0101835 0.0290162 0.0538708 
0.139309 0.125037 0.111777 0.117865 0.131432 0.131913 0.11668 0.118318 0.166742 0.24361 0.280028 0.274057 0.277451 0.326591 0.393656 0.432916 0.460681 0.508537 0.58421 0.672579 0.675945 0.544594 0.411113 0.298925 0.171281 0.0611043 0.00847836 0.00025601 0.000540511 0.0054688 0.0162765 0.0318672 0.0469448 
0.155065 0.133404 0.103757 0.100599 0.114775 0.106791 0.0887637 0.105323 0.166444 0.229059 0.238774 0.217955 0.213012 0.250328 0.317849 0.370974 0.424355 0.498689 0.583791 0.660525 0.670066 0.572335 0.469484 0.366628 0.236077 0.110658 0.0286599 0.00303352 0.00120966 0.00680258 0.0163203 0.0231297 0.0263869 
0.163525 0.133489 0.0933596 0.0774773 0.0810837 0.0699945 0.0598231 0.0901184 0.159757 0.211531 0.205051 0.177285 0.172414 0.204591 0.266115 0.321312 0.390777 0.491593 0.587896 0.648319 0.663829 0.620105 0.550432 0.443611 0.29819 0.162329 0.0635206 0.0154129 0.0044714 0.00469441 0.0062231 0.00847151 0.0119304 
0.147823 0.11758 0.0780455 0.056385 0.0493254 0.0395918 0.0403375 0.0796259 0.152765 0.190557 0.171018 0.146537 0.14779 0.175421 0.223302 0.268776 0.332459 0.43285 0.531167 0.60036 0.652528 0.655411 0.581569 0.454856 0.306119 0.180425 0.0894289 0.0355779 0.0121462 0.00348601 0.00225182 0.00671369 0.0165986 
0.119704 0.0978672 0.0675476 0.0460933 0.0350322 0.0289187 0.0390414 0.0831453 0.14561 0.164217 0.148688 0.145988 0.155637 0.166994 0.192539 0.234779 0.301981 0.401691 0.515648 0.630585 0.728119 0.728852 0.606876 0.446491 0.295252 0.176566 0.0948195 0.0468413 0.0201812 0.00629448 0.00635203 0.0205529 0.0428151 
0.106203 0.096872 0.073341 0.0487073 0.0367649 0.0348663 0.049598 0.0862366 0.126952 0.141627 0.153179 0.187936 0.208636 0.194424 0.199572 0.249633 0.337973 0.458993 0.616355 0.777446 0.87896 0.852357 0.700313 0.501373 0.326908 0.189907 0.098104 0.0507262 0.0291557 0.0195912 0.0271585 0.0551167 0.0866279 
0.102342 0.105025 0.0858141 0.0578634 0.046792 0.0486086 0.0590855 0.0779273 0.100476 0.125288 0.164933 0.226278 0.265269 0.255557 0.271923 0.344074 0.451498 0.587491 0.760556 0.909566 0.971368 0.936061 0.809579 0.599352 0.392279 0.223959 0.117446 0.0675798 0.0503938 0.0536043 0.0742183 0.104615 0.130993 
0.0883858 0.0928114 0.0803087 0.0624317 0.0565401 0.0577274 0.0586476 0.0620724 0.0743547 0.102636 0.149257 0.216326 0.283972 0.319982 0.384323 0.501566 0.620805 0.734808 0.871111 0.973961 0.996666 0.97017 0.90157 0.712371 0.469544 0.268936 0.155051 0.105832 0.0861049 0.0941159 0.123625 0.146451 0.152314 
0.0757221 0.0713071 0.0601202 0.0543601 0.0563115 0.0591577 0.0591942 0.0575945 0.0647583 0.0843542 0.11778 0.182589 0.28139 0.370325 0.486307 0.654036 0.782399 0.855847 0.94206 1 0.996221 0.978938 0.960454 0.802023 0.535509 0.310863 0.188309 0.138107 0.109728 0.107871 0.137028 0.156392 0.14681 
