terrain
65 65
0.136023 0.153584 0.185277 0.21326 0.225385 0.248548 0.293024 0.335581 0.355263 0.376658 0.423965 0.454297 0.410792 0.338574 0.281284 0.245336 0.252752 0.287004 0.316222 0.352483 0.386132 0.411592 0.418382 0.402382 0.385367 0.361015 0.324964 0.290066 0.265449 0.249202 0.252687 0.279621 0.291753 0.261682 0.190497 0.110321 0.0566745 0.0256756 0.00829023 0.0018525 0.000595272 0.00095779 0.00182905 0.00107807 0.000288207 0.00196861 0.0125049 0.0294738 0.0391587 0.041614 0.0319786 0.0151208 0.0044233 0.00324856 0.00865877 0.0177382 0.0305875 0.0535248 0.0830446 0.0954828 0.0852781 0.071792 0.0650412 0.0668423 0.0818897 
0.142885 0.157888 0.186938 0.212126 0.219974 0.235052 0.270718 0.304534 0.32032 0.343646 0.390659 0.420436 0.387821 0.330847 0.280455 0.245332 0.253586 0.293996 0.326343 0.354913 0.373656 0.377497 0.359156 0.335842 0.336785 0.340949 0.314054 0.278698 0.263622 0.260851 0.2722 0.292235 0.287639 0.243976 0.164076 0.0862651 0.0443792 0.0252275 0.0123473 0.00496957 0.0023753 0.00203673 0.00266058 0.00188018 0.000717899 0.00171992 0.00920966 0.0236933 0.0317824 0.0308466 0.0219819 0.0107714 0.00530376 0.00873294 0.019916 0.0308466 0.0432123 0.0632963 0.0859558 0.0901412 0.0795132 0.0710883 0.0670107 0.0655256 0.0733348 
0.162362 0.172477 0.191109 0.207955 0.217546 0.226081 0.242759 0.266502 0.290576 0.32316 0.367035 0.387908 0.368135 0.331596 0.291041 0.256163 0.257878 0.295509 0.330005 0.352134 0.354128 0.331247 0.288958 0.263821 0.277165 0.30117 0.292601 0.274891 0.282122 0.296346 0.308813 0.313104 0.287253 0.227797 0.141943 0.0701685 0.0375113 0.0260683 0.0168854 0.0098668 0.00661582 0.00494153 0.00495051 0.0036855 0.00176271 0.00204145 0.00778304 0.0217825 0.0306815 0.0269618 0.0170378 0.00935323 0.00986215 0.0226699 0.0393268 0.0488228 0.0592182 0.0731707 0.0848776 0.0798783 0.0712335 0.0722031 0.072156 0.0668704 0.0670894 
0.166842 0.173494 0.182496 0.199689 0.222759 0.23515 0.238003 0.252683 0.284914 0.322714 0.357629 0.372702 0.375458 0.36771 0.341258 0.299576 0.272842 0.280583 0.303839 0.323018 0.320084 0.284857 0.235285 0.21447 0.229065 0.250214 0.258351 0.270573 0.302663 0.332368 0.34382 0.333906 0.297851 0.231885 0.142609 0.0693434 0.0350294 0.0236841 0.0173939 0.0128204 0.0104974 0.00840448 0.00781798 0.00597918 0.003939 0.00495319 0.0119223 0.027352 0.0399025 0.0355819 0.0217611 0.0138297 0.0190594 0.0393043 0.0599146 0.0743763 0.0867386 0.0928177 0.0897832 0.0745975 0.06685 0.07509 0.0801594 0.0756015 0.0738483 
0.146493 0.152731 0.159737 0.18985 0.233186 0.253991 0.259016 0.276685 0.30835 0.335185 0.355934 0.376005 0.405175 0.419924 0.402471 0.354835 0.299863 0.272061 0.27294 0.282058 0.278379 0.246482 0.204078 0.186209 0.19232 0.202724 0.220366 0.252361 0.300081 0.346257 0.363766 0.341297 0.299754 0.24098 0.157468 0.079935 0.0381394 0.0225571 0.0177109 0.0148797 0.0120545 0.00959209 0.00900259 0.00774123 0.00769273 0.0122092 0.0220611 0.0379858 0.0523811 0.0484631 0.0326395 0.0248295 0.0305113 0.0496703 0.0765467 0.105106 0.123567 0.126946 0.111324 0.0843081 0.0728907 0.0805119 0.0856391 0.0851712 0.0893621 
0.135936 0.140753 0.147247 0.184651 0.240143 0.268401 0.283695 0.316314 0.345223 0.351872 0.360704 0.388414 0.429967 0.445676 0.418311 0.360972 0.296032 0.252153 0.232375 0.22464 0.220987 0.207919 0.18298 0.165467 0.162342 0.166506 0.183156 0.214049 0.264055 0.324964 0.355814 0.330331 0.285502 0.237867 0.172413 0.102547 0.0559101 0.0315333 0.0224193 0.0177828 0.0122954 0.00876788 0.00913547 0.0106283 0.0136381 0.0205103 0.0311567 0.0448084 0.0560807 0.0520843 0.0389548 0.0330949 0.0366998 0.0519718 0.0828037 0.123507 0.150884 0.157331 0.136031 0.10503 0.0925575 0.0986722 0.103852 0.109906 0.124132 
0.14421 0.139463 0.140439 0.173348 0.228753 0.268304 0.29646 0.336958 0.362478 0.361796 0.368892 0.396 0.430712 0.429753 0.380038 0.308066 0.241029 0.200669 0.181499 0.172994 0.172367 0.1691 0.15409 0.13829 0.132305 0.13433 0.145941 0.171837 0.216832 0.27502 0.313583 0.298959 0.254106 0.207242 0.16107 0.114756 0.0744428 0.0441219 0.0283628 0.020374 0.0132731 0.00952607 0.0118092 0.0187953 0.0257922 0.0321662 0.0401826 0.048211 0.0526476 0.04545 0.0335887 0.0291196 0.0345335 0.0534213 0.0886495 0.134188 0.166941 0.174123 0.155135 0.135926 0.133629 0.1437 0.154026 0.170111 0.191987 
0.155781 0.139087 0.133002 0.156792 0.201593 0.24807 0.289899 0.330865 0.352809 0.354177 0.361056 0.38065 0.402279 0.383446 0.318191 0.248799 0.193292 0.160638 0.146797 0.148946 0.155533 0.147797 0.127073 0.109628 0.101083 0.100886 0.111526 0.139326 0.181926 0.221673 0.245316 0.239895 0.207593 0.163731 0.131037 0.107051 0.0759131 0.047148 0.030242 0.0195488 0.0128437 0.0130105 0.0216362 0.03654 0.0471397 0.0547164 0.0622042 0.0634195 0.0566548 0.0410358 0.0259791 0.0203181 0.0284052 0.0547217 0.096296 0.141654 0.172873 0.183524 0.17946 0.182878 0.20074 0.221503 0.239767 0.263817 0.285575 
0.153417 0.136944 0.132123 0.152734 0.185197 0.225175 0.269416 0.307405 0.326396 0.33055 0.340719 0.363234 0.382736 0.351531 0.278 0.220237 0.184824 0.159166 0.144375 0.152626 0.16468 0.150405 0.120781 0.100257 0.0899769 0.0875773 0.0954587 0.122212 0.163398 0.187412 0.19052 0.184227 0.165392 0.132017 0.108242 0.0952964 0.070049 0.0434968 0.0278082 0.0169598 0.0116566 0.0171337 0.0345056 0.0564121 0.0714452 0.0841927 0.0936566 0.0901028 0.0692567 0.0415606 0.0226078 0.0159548 0.0245227 0.0522568 0.0928429 0.133441 0.163405 0.186091 0.204827 0.229433 0.26878 0.3101 0.34033 0.35895 0.366767 
0.118256 0.116668 0.129333 0.163772 0.196359 0.224444 0.260926 0.298272 0.324097 0.335664 0.344098 0.367067 0.39194 0.35996 0.28711 0.23573 0.20595 0.177165 0.157965 0.162916 0.172555 0.163128 0.137503 0.115459 0.101709 0.0962781 0.0968196 0.113185 0.14592 0.165311 0.161105 0.145606 0.12547 0.101078 0.0846305 0.0763557 0.0573464 0.0349274 0.0233256 0.017758 0.015969 0.0243774 0.0420267 0.063157 0.0830428 0.0996082 0.10793 0.103194 0.077473 0.0461178 0.0269748 0.0199962 0.0282997 0.0529205 0.0810126 0.105884 0.132228 0.167427 0.214191 0.267742 0.329317 0.385661 0.418832 0.421273 0.41013 
0.0827957 0.0959897 0.127386 0.174886 0.212912 0.237405 0.263827 0.299421 0.341438 0.370036 0.371498 0.38023 0.405472 0.386434 0.324133 0.272055 0.234525 0.200134 0.178391 0.172158 0.170329 0.170322 0.161868 0.141765 0.118758 0.104408 0.0983688 0.109894 0.135128 0.148606 0.138844 0.114747 0.0902584 0.0703339 0.0600471 0.0543833 0.0424675 0.0297308 0.0248483 0.0249366 0.0263474 0.0328921 0.0423962 0.0558954 0.0757191 0.0948729 0.103175 0.0951955 0.0727568 0.0513986 0.0400248 0.0353394 0.0430459 0.0624164 0.0754555 0.0819677 0.0994227 0.136772 0.20147 0.286436 0.374072 0.433842 0.450984 0.434495 0.412841 
0.0766311 0.0966764 0.133195 0.17444 0.209886 0.242196 0.268577 0.294961 0.335761 0.380607 0.388964 0.384836 0.400847 0.391389 0.341301 0.293485 0.258791 0.229241 0.206822 0.188466 0.172988 0.173073 0.176139 0.159845 0.130382 0.109814 0.102162 0.116891 0.138923 0.139862 0.123546 0.101408 0.0793979 0.0580947 0.0461922 0.0386925 0.0309148 0.0288085 0.031676 0.0355175 0.0359038 0.034183 0.0353897 0.0447029 0.0625846 0.0820469 0.093203 0.0839857 0.0662274 0.0561344 0.0555177 0.0580341 0.0680706 0.0825996 0.084438 0.0797283 0.0886329 0.117375 0.175044 0.265123 0.363445 0.423811 0.43212 0.406981 0.385342 
0.0996475 0.114852 0.141432 0.169022 0.201199 0.24356 0.282665 0.304479 0.324508 0.35983 0.374317 0.371327 0.377936 0.362035 0.314507 0.278055 0.260163 0.244901 0.227597 0.210546 0.191701 0.181728 0.177423 0.159967 0.133812 0.116048 0.106316 0.113955 0.126875 0.11976 0.102172 0.0899625 0.0778129 0.0544756 0.036682 0.026906 0.0209254 0.0242218 0.0333354 0.0396429 0.0361496 0.0294277 0.0303157 0.0400588 0.053677 0.070102 0.0859593 0.0829852 0.0681635 0.0612114 0.06382 0.070452 0.0842249 0.0998355 0.100669 0.0918216 0.0934843 0.11467 0.159537 0.231271 0.311642 0.364255 0.379534 0.364598 0.351652 
0.14422 0.147203 0.158636 0.178068 0.208657 0.248195 0.292273 0.322972 0.333572 0.34438 0.35304 0.356872 0.349984 0.31587 0.267181 0.238697 0.239164 0.250589 0.250209 0.236287 0.208892 0.180251 0.162519 0.141955 0.120529 0.108867 0.0997801 0.0935105 0.0898623 0.0817717 0.0705726 0.0675727 0.0672166 0.05075 0.0315273 0.0219883 0.0175497 0.0200798 0.0292895 0.0353999 0.0295162 0.0237311 0.0273413 0.0375354 0.0473869 0.0630542 0.0855796 0.0925285 0.0773487 0.0658008 0.0630251 0.0660184 0.0791777 0.100299 0.112218 0.109408 0.108128 0.124264 0.155986 0.202887 0.261513 0.308245 0.330358 0.328704 0.321565 
0.172902 0.175143 0.184242 0.204633 0.233292 0.264192 0.307144 0.351482 0.366769 0.358834 0.353488 0.350816 0.3255 0.281278 0.240311 0.218666 0.22896 0.259411 0.268824 0.243806 0.202974 0.166256 0.144085 0.121428 0.0990064 0.0880039 0.0808253 0.0696026 0.0574624 0.0500713 0.0445296 0.0458991 0.0537377 0.0487654 0.031714 0.0221696 0.0196295 0.0204971 0.0251531 0.0273743 0.0226572 0.0189235 0.0216621 0.0315221 0.0442993 0.0636992 0.0885301 0.0956988 0.0739102 0.0540745 0.0451765 0.0461532 0.0594442 0.0846736 0.106784 0.117041 0.120985 0.133049 0.153787 0.186834 0.234691 0.276477 0.300166 0.308472 0.304629 
0.171604 0.188848 0.211607 0.243712 0.279616 0.310118 0.346246 0.386348 0.401264 0.383199 0.357622 0.336943 0.305841 0.270476 0.243345 0.230547 0.241588 0.267139 0.272731 0.240985 0.196388 0.163107 0.141298 0.114374 0.087535 0.0718836 0.0619412 0.0518605 0.0429406 0.038527 0.0334373 0.0323704 0.0383692 0.0388255 0.027171 0.0189667 0.0184883 0.0193792 0.0204089 0.0200701 0.0175659 0.0147861 0.016305 0.027036 0.0472452 0.0709283 0.0866281 0.0804773 0.0534072 0.0345513 0.0281879 0.0317387 0.0455545 0.0701388 0.0963919 0.116445 0.127272 0.139843 0.156746 0.181676 0.213643 0.241744 0.2623 0.276974 0.28277 
0.179049 0.208337 0.242365 0.287925 0.340608 0.373857 0.384899 0.399778 0.415508 0.398115 0.357357 0.319429 0.288901 0.270751 0.261988 0.26433 0.276047 0.285917 0.286152 0.260287 0.214462 0.172886 0.140215 0.103945 0.0743398 0.0584506 0.0485528 0.0412673 0.0389908 0.0388842 0.0330507 0.0265246 0.0237849 0.0221031 0.0171609 0.0130508 0.0135953 0.0152662 0.0177401 0.0199415 0.0202365 0.0182316 0.0206683 0.0319359 0.0532123 0.075912 0.0789183 0.0603851 0.0360539 0.0250076 0.0237112 0.0296158 0.0432353 0.0676123 0.0984037 0.121225 0.132494 0.144571 0.155514 0.169154 0.18131 0.194851 0.21123 0.228897 0.245106 
0.22011 0.248977 0.280306 0.324419 0.382479 0.409774 0.396234 0.393047 0.415484 0.414216 0.377716 0.33093 0.298893 0.288602 0.285942 0.296705 0.316073 0.319733 0.311413 0.285572 0.233357 0.176218 0.129788 0.0857847 0.0559437 0.0453313 0.0426487 0.0424504 0.0460368 0.0485068 0.0414172 0.0282739 0.0164696 0.0111983 0.0102698 0.00998852 0.0100581 0.0110552 0.0165304 0.0240696 0.0299097 0.0329663 0.0405307 0.0519112 0.0644055 0.0767134 0.070768 0.0490635 0.0296654 0.0232484 0.0230787 0.0291405 0.0453244 0.0734312 0.107062 0.126929 0.137193 0.153166 0.163202 0.16722 0.162893 0.165082 0.18059 0.200368 0.220041 
0.271225 0.291333 0.312081 0.341419 0.38671 0.402923 0.383254 0.37924 0.409388 0.428141 0.403536 0.359743 0.335011 0.322892 0.309669 0.318637 0.34839 0.35599 0.331494 0.285165 0.22172 0.160588 0.115314 0.0756366 0.0495524 0.0418677 0.0445618 0.0530688 0.0612855 0.0623021 0.0507319 0.0320987 0.0167484 0.0105418 0.0105698 0.0108308 0.00903067 0.00876265 0.014659 0.024694 0.0379751 0.0523008 0.0680717 0.0786646 0.0790008 0.0783256 0.0703157 0.0527744 0.0365662 0.0308908 0.0272224 0.0290694 0.0457059 0.0748955 0.109715 0.134399 0.151019 0.17281 0.186985 0.18297 0.164101 0.154631 0.166542 0.186702 0.207963 
0.309407 0.31938 0.324364 0.333885 0.360452 0.366696 0.354253 0.362038 0.394031 0.4138 0.396067 0.372603 0.368951 0.356813 0.338689 0.351431 0.386672 0.390379 0.341907 0.271823 0.207161 0.155359 0.118836 0.0866505 0.0644926 0.0570442 0.0591122 0.0662116 0.0705849 0.0683109 0.0530521 0.032516 0.0200528 0.0179979 0.0201487 0.0184642 0.0127156 0.00987387 0.0143679 0.0254478 0.0436829 0.0633227 0.0791047 0.0873326 0.0848949 0.0801612 0.0745869 0.0627398 0.0475546 0.0398735 0.0321246 0.0294059 0.0447873 0.07629 0.11716 0.152753 0.17354 0.191201 0.206501 0.195799 0.163316 0.137323 0.138735 0.158838 0.179679 
0.355556 0.358099 0.344052 0.328421 0.334874 0.33691 0.340185 0.36579 0.391719 0.389837 0.366442 0.365705 0.382294 0.373934 0.360022 0.377635 0.40908 0.404667 0.341079 0.2598 0.203357 0.166455 0.139648 0.114496 0.0972567 0.0892546 0.0829344 0.0754595 0.070976 0.0670521 0.0501704 0.0300005 0.0225713 0.0274238 0.0340692 0.0318803 0.0217816 0.0135706 0.015245 0.0267677 0.0456102 0.0647463 0.0783296 0.0856201 0.0866055 0.0844563 0.0837621 0.0776435 0.0592539 0.0425566 0.030701 0.0272662 0.0430508 0.0799126 0.125277 0.15905 0.174799 0.190102 0.210068 0.19605 0.154222 0.120364 0.118264 0.140306 0.159899 
0.38706 0.389798 0.369481 0.344262 0.342141 0.348852 0.367878 0.404673 0.418658 0.387391 0.346204 0.342891 0.363007 0.373818 0.373776 0.378539 0.378026 0.358002 0.307022 0.244121 0.199602 0.169207 0.148276 0.133132 0.1251 0.11877 0.103627 0.0820073 0.0704206 0.0649247 0.0511724 0.0351709 0.0304373 0.0371945 0.04342 0.0413086 0.0311482 0.0195041 0.0175581 0.0248434 0.0389359 0.0583181 0.0753766 0.0860521 0.0888359 0.0882332 0.0919267 0.0891325 0.0669138 0.0404549 0.0264364 0.0261667 0.0425855 0.0769689 0.112387 0.131746 0.14367 0.166361 0.197769 0.191176 0.152551 0.122278 0.123415 0.148984 0.169412 
0.361686 0.377208 0.377046 0.368952 0.37308 0.388374 0.414035 0.450326 0.448379 0.384569 0.322365 0.305701 0.326284 0.363527 0.37935 0.364017 0.322804 0.282188 0.252363 0.221753 0.191979 0.164012 0.142053 0.129017 0.123959 0.120287 0.109565 0.0904041 0.0757143 0.0645949 0.0539944 0.0446236 0.0416347 0.0486147 0.053755 0.0499787 0.0398244 0.0284311 0.0232886 0.0237809 0.0315767 0.0484315 0.0672162 0.0821535 0.0891717 0.0924145 0.0946305 0.0853837 0.0619595 0.0353543 0.0234873 0.027912 0.0445585 0.0694587 0.0885796 0.0971484 0.110563 0.143494 0.187871 0.195566 0.16937 0.145056 0.147339 0.173965 0.195713 
0.300759 0.339761 0.376523 0.393674 0.401535 0.414275 0.433517 0.458002 0.443492 0.362644 0.288819 0.266494 0.292701 0.345315 0.365951 0.337087 0.278641 0.234326 0.222496 0.21603 0.198345 0.172371 0.146509 0.124346 0.107964 0.0992367 0.0988402 0.0975008 0.0876911 0.0685592 0.0530016 0.0440483 0.0415445 0.0504352 0.0594221 0.05857 0.0505319 0.0423471 0.0374611 0.0348126 0.0384852 0.049136 0.0624697 0.0781798 0.0911182 0.0957259 0.0906324 0.0745907 0.0532415 0.03142 0.0222894 0.0293626 0.0469644 0.0672104 0.0801257 0.0859285 0.101081 0.140295 0.191392 0.208606 0.190401 0.167372 0.163455 0.182658 0.203657 
0.271884 0.333896 0.398116 0.423666 0.422256 0.429714 0.448089 0.45578 0.427807 0.352682 0.285763 0.265754 0.2916 0.341267 0.353303 0.315447 0.258355 0.217475 0.212363 0.217044 0.202154 0.173262 0.150063 0.127378 0.101257 0.085376 0.0890695 0.101065 0.101395 0.0801669 0.0564966 0.0419591 0.0376598 0.0473012 0.0599517 0.0640555 0.06143 0.0608212 0.0634772 0.0634965 0.0639262 0.0653671 0.0701673 0.0841194 0.0989692 0.101739 0.0922565 0.0753448 0.0540188 0.0335162 0.0253292 0.0331905 0.0539194 0.0806358 0.103619 0.112864 0.121536 0.148401 0.185702 0.201501 0.184741 0.160478 0.153144 0.165523 0.182967 
0.300751 0.364751 0.427893 0.445918 0.439099 0.456119 0.484726 0.481718 0.44405 0.385755 0.336766 0.32081 0.332737 0.351312 0.332594 0.287734 0.244724 0.211831 0.20475 0.204434 0.180472 0.148034 0.133054 0.122186 0.103186 0.0919229 0.0977813 0.113058 0.12119 0.104431 0.0760528 0.0558187 0.0476258 0.0544396 0.0681133 0.07439 0.0747326 0.0841002 0.0961731 0.0961015 0.0914503 0.0850163 0.0839821 0.0934291 0.102519 0.105361 0.101876 0.0959329 0.0808327 0.0583405 0.0448952 0.0509859 0.0780679 0.120318 0.160812 0.175138 0.166928 0.161458 0.165971 0.165187 0.148081 0.134925 0.140833 0.155028 0.166817 
0.360728 0.394349 0.4289 0.442649 0.450422 0.482978 0.521183 0.529289 0.503986 0.462116 0.423348 0.40477 0.395838 0.371302 0.320207 0.267803 0.228572 0.20441 0.198158 0.185718 0.154311 0.12659 0.120063 0.120818 0.119764 0.120492 0.123558 0.134626 0.146133 0.135227 0.109183 0.0881358 0.076296 0.0777837 0.0900933 0.0948803 0.0920141 0.104147 0.117174 0.108971 0.0981178 0.0914707 0.0901945 0.0961195 0.101346 0.107388 0.116652 0.131981 0.135993 0.114839 0.0893972 0.0889871 0.123318 0.178137 0.220555 0.230893 0.209956 0.178029 0.152846 0.131617 0.115778 0.120049 0.14613 0.170597 0.182511 
0.434147 0.425096 0.421896 0.42283 0.440856 0.486871 0.545503 0.593376 0.595295 0.550351 0.495173 0.464536 0.447092 0.405473 0.345852 0.285368 0.229975 0.20109 0.195069 0.180654 0.154286 0.132965 0.130428 0.140463 0.156538 0.166245 0.160938 0.157819 0.159994 0.155127 0.144076 0.13253 0.121299 0.117063 0.121936 0.121034 0.112044 0.115557 0.119747 0.103092 0.0879253 0.08495 0.0885771 0.0958143 0.103499 0.114688 0.136529 0.167979 0.185845 0.168755 0.138402 0.136542 0.175518 0.230528 0.260175 0.260044 0.232308 0.186617 0.148373 0.121087 0.108625 0.122049 0.156536 0.185806 0.198664 
0.522556 0.481725 0.443924 0.41731 0.422014 0.468005 0.541445 0.612523 0.622381 0.575266 0.521443 0.497052 0.491512 0.463204 0.410191 0.342324 0.265414 0.217848 0.203987 0.193744 0.176044 0.15964 0.160713 0.177631 0.199797 0.211646 0.201215 0.182699 0.172636 0.172815 0.173712 0.165238 0.152446 0.149281 0.15233 0.151041 0.140351 0.128399 0.115245 0.0931025 0.0807206 0.0829609 0.0902644 0.0997966 0.111513 0.126426 0.153108 0.184954 0.200279 0.186709 0.164266 0.17028 0.211842 0.266065 0.291716 0.280779 0.238741 0.184631 0.149713 0.130714 0.120106 0.129839 0.160174 0.186348 0.198244 
0.614939 0.549418 0.481061 0.438331 0.434842 0.470843 0.52785 0.572427 0.566083 0.538522 0.521349 0.525814 0.53822 0.521438 0.467313 0.394757 0.317531 0.263323 0.235376 0.216213 0.200272 0.191953 0.200616 0.217734 0.22815 0.232466 0.225692 0.213217 0.210285 0.210322 0.198136 0.172676 0.154105 0.159869 0.174752 0.178304 0.163187 0.137481 0.115902 0.0957786 0.086424 0.0883876 0.0916911 0.100038 0.113562 0.126759 0.147813 0.17556 0.192035 0.182958 0.166021 0.173395 0.210034 0.263346 0.294614 0.28049 0.235741 0.193313 0.171269 0.153559 0.130343 0.125547 0.15443 0.189196 0.206547 
0.686384 0.599425 0.50937 0.467615 0.473224 0.507399 0.539362 0.551009 0.540148 0.539041 0.550554 0.57078 0.581343 0.553166 0.491227 0.41847 0.359183 0.319571 0.281104 0.244597 0.224298 0.219998 0.230395 0.242816 0.238601 0.228999 0.227057 0.237019 0.250797 0.24206 0.205759 0.165539 0.147078 0.158948 0.178391 0.175867 0.150992 0.126546 0.115849 0.103568 0.0904087 0.0854662 0.0871444 0.102985 0.121502 0.1271 0.134708 0.157459 0.181824 0.182586 0.17142 0.173363 0.194441 0.231884 0.262741 0.267714 0.251738 0.23072 0.209248 0.171184 0.125406 0.106724 0.130405 0.169936 0.190519 
0.710372 0.615196 0.519631 0.479742 0.49321 0.53374 0.563362 0.576761 0.588366 0.610598 0.617305 0.605541 0.58013 0.533228 0.480767 0.43351 0.402444 0.376843 0.336926 0.28993 0.255494 0.238018 0.236371 0.237204 0.229217 0.220055 0.224734 0.249208 0.268576 0.249061 0.200209 0.161048 0.148678 0.15746 0.16459 0.147668 0.119653 0.106328 0.106778 0.100616 0.0845339 0.0757951 0.0852828 0.11999 0.148974 0.142316 0.131862 0.146998 0.174196 0.185123 0.182125 0.177981 0.183442 0.200791 0.222835 0.250678 0.276494 0.272096 0.232544 0.167847 0.110621 0.0863588 0.0957247 0.123585 0.14366 
0.702797 0.619199 0.536488 0.497022 0.50842 0.549288 0.588061 0.625875 0.666319 0.695936 0.680137 0.618802 0.542853 0.479028 0.450564 0.44832 0.448352 0.426897 0.390652 0.344027 0.288174 0.242602 0.217249 0.198027 0.191439 0.202564 0.224551 0.253434 0.269429 0.248817 0.202025 0.16903 0.157595 0.157348 0.153523 0.132132 0.112181 0.108051 0.108 0.101077 0.0850848 0.0763355 0.0939054 0.140878 0.172588 0.157276 0.13634 0.143255 0.1646 0.177931 0.180772 0.178495 0.18447 0.195071 0.208308 0.236381 0.270501 0.264931 0.212855 0.144635 0.0967074 0.0765973 0.0760342 0.092123 0.11245 
0.708789 0.649997 0.586309 0.546221 0.551466 0.596329 0.643353 0.683392 0.715398 0.725965 0.700493 0.633263 0.542025 0.471495 0.455284 0.470415 0.475526 0.454527 0.41712 0.362842 0.288392 0.220253 0.174714 0.147051 0.144961 0.171212 0.20987 0.244944 0.26158 0.247687 0.214385 0.1939 0.18318 0.175128 0.168239 0.15184 0.142263 0.14376 0.140378 0.126452 0.104765 0.0961834 0.118265 0.163729 0.187541 0.168955 0.144357 0.141966 0.152554 0.162244 0.165671 0.169744 0.184356 0.196625 0.209093 0.228306 0.244268 0.22571 0.177216 0.128962 0.098425 0.0842589 0.0814128 0.0927098 0.111622 
0.754284 0.724335 0.677655 0.634688 0.633652 0.678891 0.717172 0.732705 0.734214 0.721971 0.69409 0.645156 0.574479 0.510065 0.48637 0.48338 0.470495 0.445377 0.402607 0.339625 0.262791 0.190704 0.138804 0.112922 0.1138 0.14288 0.18927 0.231135 0.245147 0.229044 0.207717 0.207719 0.210579 0.199057 0.18725 0.179355 0.185107 0.198528 0.195635 0.171517 0.14313 0.138781 0.164606 0.203418 0.220536 0.200501 0.16838 0.154288 0.154858 0.16022 0.160868 0.164534 0.17645 0.184702 0.199546 0.216666 0.217621 0.184134 0.142691 0.1211 0.110187 0.10004 0.0956249 0.101127 0.112847 
0.841495 0.836473 0.805504 0.759447 0.737299 0.740068 0.728135 0.712877 0.707543 0.705512 0.690059 0.655453 0.605502 0.555439 0.522118 0.492062 0.456713 0.415387 0.360701 0.289912 0.219689 0.163854 0.122982 0.0992421 0.097803 0.1272 0.178608 0.224219 0.228288 0.199944 0.179756 0.190827 0.204234 0.193 0.175364 0.174645 0.20227 0.241573 0.252532 0.229984 0.203009 0.200427 0.221013 0.246433 0.254426 0.234469 0.200418 0.183267 0.179114 0.174434 0.168124 0.16609 0.165092 0.160938 0.169963 0.184749 0.180325 0.146446 0.114992 0.11126 0.117556 0.108364 0.0941329 0.0885573 0.0922039 
0.938061 0.933257 0.910475 0.877709 0.835585 0.772741 0.69874 0.663344 0.668612 0.696344 0.708448 0.682473 0.63596 0.596756 0.560179 0.506126 0.44248 0.378538 0.308235 0.228134 0.168752 0.139437 0.118011 0.0989079 0.0988827 0.127687 0.171065 0.21056 0.213146 0.181176 0.153952 0.157345 0.167053 0.158076 0.139457 0.141562 0.182315 0.247758 0.289307 0.292734 0.279608 0.273154 0.278699 0.282496 0.271654 0.246772 0.22529 0.222782 0.215355 0.185896 0.16255 0.1546 0.14816 0.141098 0.146217 0.155649 0.148276 0.124642 0.104713 0.10555 0.116845 0.105593 0.0827869 0.0701113 0.0684042 
0.997829 0.98755 0.970502 0.958067 0.912629 0.814115 0.709205 0.665375 0.665869 0.69063 0.707927 0.685825 0.635005 0.595767 0.560276 0.495412 0.405633 0.32171 0.246882 0.177442 0.135259 0.123601 0.118602 0.111159 0.115494 0.135847 0.159002 0.179965 0.183932 0.163012 0.135192 0.128489 0.132263 0.127443 0.113679 0.116463 0.152641 0.222834 0.292577 0.334231 0.343697 0.336156 0.325794 0.304512 0.270756 0.235662 0.224299 0.235049 0.219271 0.166692 0.130971 0.123183 0.127396 0.136405 0.145982 0.148479 0.135912 0.117511 0.103049 0.101393 0.111877 0.104283 0.0831088 0.0694156 0.0652889 
0.993347 1 0.997125 0.997287 0.967489 0.87814 0.772384 0.712475 0.678546 0.661077 0.651894 0.617908 0.553666 0.504766 0.475557 0.423748 0.336791 0.254383 0.191624 0.14426 0.118501 0.116535 0.122908 0.127619 0.130665 0.139186 0.15131 0.156973 0.155178 0.146289 0.129323 0.119837 0.116524 0.113588 0.105921 0.106692 0.134027 0.200933 0.285411 0.353413 0.383682 0.377148 0.346398 0.299756 0.253381 0.209668 0.188035 0.188864 0.166243 0.119235 0.0937663 0.0951617 0.11394 0.144277 0.16061 0.152878 0.128632 0.104824 0.0897402 0.0871416 0.0957892 0.0936288 0.0802512 0.0692669 0.0651839 
0.914734 0.937696 0.950118 0.965621 0.975279 0.932421 0.845758 0.759185 0.670824 0.598826 0.555717 0.495697 0.413757 0.361669 0.343106 0.311938 0.252959 0.196764 0.152462 0.11767 0.0999939 0.102671 0.1151 0.126835 0.12943 0.136265 0.149479 0.148432 0.136456 0.134032 0.134408 0.127512 0.116152 0.109914 0.104304 0.10433 0.133036 0.201235 0.281982 0.349346 0.384563 0.371133 0.321387 0.264612 0.219326 0.170881 0.132677 0.116229 0.0960059 0.0722037 0.067221 0.0829619 0.117218 0.162905 0.182276 0.166082 0.129996 0.0956226 0.076214 0.0718708 0.0728159 0.0653491 0.0537449 0.0464099 0.043879 
0.7835 0.815231 0.845198 0.889738 0.941226 0.928316 0.844858 0.743768 0.637514 0.539669 0.465232 0.380553 0.299337 0.259287 0.247052 0.224591 0.186034 0.152376 0.122586 0.095585 0.0826969 0.0868979 0.101364 0.115399 0.120432 0.130851 0.148562 0.153596 0.142797 0.143405 0.156501 0.155269 0.138924 0.123714 0.112853 0.112809 0.142957 0.203716 0.265287 0.312205 0.334127 0.311856 0.261792 0.21181 0.169068 0.120456 0.0800197 0.0597753 0.0478831 0.0426192 0.0525784 0.0797859 0.127052 0.181882 0.204152 0.184591 0.139767 0.098168 0.0764535 0.0688937 0.0609134 0.0427023 0.0244228 0.0162211 0.0132982 
0.648891 0.692238 0.743477 0.812521 0.869261 0.842608 0.74762 0.657454 0.581279 0.498535 0.410281 0.319194 0.256402 0.233629 0.22042 0.191634 0.152564 0.127055 0.110427 0.0939176 0.084444 0.0836984 0.0935365 0.108829 0.118387 0.134024 0.160887 0.181358 0.185659 0.191828 0.212157 0.213641 0.187127 0.158823 0.140467 0.136178 0.154172 0.189372 0.224342 0.249202 0.257678 0.241884 0.211525 0.169568 0.123849 0.0817775 0.0513694 0.0346467 0.026864 0.0292497 0.0461651 0.0775496 0.123628 0.172855 0.193575 0.178582 0.142032 0.107162 0.0867501 0.0736865 0.0581287 0.0333287 0.0119164 0.00362745 0.0010928 
0.533168 0.595497 0.669193 0.743307 0.775049 0.727818 0.636261 0.568163 0.524467 0.4696 0.394617 0.322356 0.283581 0.268323 0.241095 0.195416 0.147475 0.121749 0.111983 0.106482 0.104065 0.100385 0.103545 0.119529 0.137676 0.165572 0.202557 0.226058 0.233849 0.241518 0.26343 0.264949 0.225296 0.184384 0.161804 0.150527 0.152516 0.165513 0.175646 0.179873 0.185227 0.191203 0.184916 0.147036 0.101682 0.0701652 0.0483238 0.0331842 0.0254181 0.0299724 0.05074 0.0833894 0.118748 0.148266 0.157544 0.151958 0.137476 0.115375 0.0932928 0.0727518 0.0543272 0.0318209 0.0117442 0.002076 0 
0.470594 0.535334 0.613471 0.678946 0.697787 0.652494 0.577338 0.527615 0.501134 0.466951 0.414077 0.366509 0.346333 0.329435 0.284459 0.222725 0.166244 0.133872 0.121355 0.119703 0.124516 0.132018 0.142076 0.164075 0.193245 0.227158 0.257107 0.265764 0.262237 0.264575 0.281298 0.287775 0.251685 0.204068 0.175174 0.158743 0.157056 0.164267 0.157094 0.143814 0.145106 0.155144 0.149253 0.118484 0.0894338 0.0712435 0.0547545 0.0396704 0.0334512 0.0426884 0.0680323 0.100137 0.124395 0.134984 0.13552 0.137348 0.136994 0.122833 0.0955141 0.0690215 0.0522889 0.0357499 0.0175471 0.00362667 2.21065e-06 
0.455491 0.497503 0.553792 0.609286 0.642384 0.621759 0.564438 0.524512 0.513006 0.498378 0.455852 0.406721 0.375527 0.350107 0.304402 0.242897 0.188395 0.156448 0.141587 0.135 0.140026 0.164408 0.196191 0.232822 0.269703 0.293195 0.30296 0.29864 0.289467 0.286368 0.29618 0.309825 0.291781 0.242203 0.19814 0.174981 0.172512 0.173583 0.157383 0.139982 0.137339 0.133511 0.111463 0.087226 0.0749361 0.0664374 0.0541168 0.039083 0.035686 0.0530642 0.0832435 0.109595 0.124706 0.129436 0.130256 0.136363 0.14369 0.136614 0.105371 0.0735297 0.0583965 0.0469772 0.0284051 0.00882937 0.00125775 
0.454876 0.465518 0.492022 0.541147 0.595131 0.612657 0.58394 0.554503 0.556136 0.544676 0.480932 0.399667 0.339942 0.305575 0.271262 0.225943 0.186323 0.167161 0.158113 0.146841 0.148274 0.180577 0.227219 0.275344 0.314625 0.327367 0.325113 0.320133 0.319441 0.32079 0.326332 0.338549 0.333834 0.290659 0.23766 0.207884 0.194344 0.178384 0.158181 0.145356 0.139681 0.123584 0.092373 0.0688385 0.0600121 0.0567927 0.052215 0.0398436 0.0360949 0.0537136 0.0802277 0.0976165 0.110425 0.122811 0.128462 0.133778 0.144168 0.148132 0.126409 0.0938485 0.0750166 0.062672 0.0396973 0.015395 0.00529119 
0.456177 0.447679 0.458122 0.500155 0.55923 0.603412 0.61223 0.599973 0.596829 0.565525 0.475011 0.373537 0.30317 0.266283 0.238087 0.201342 0.167704 0.152661 0.151318 0.145339 0.149649 0.185962 0.230806 0.269454 0.30072 0.317332 0.329484 0.340182 0.35182 0.351821 0.342996 0.346485 0.349152 0.31757 0.273643 0.253186 0.233606 0.198073 0.165016 0.145816 0.134708 0.115882 0.0895393 0.068053 0.0563143 0.0531635 0.0542074 0.0472346 0.0434104 0.0552385 0.072743 0.0869417 0.105149 0.126165 0.135235 0.136301 0.139631 0.145285 0.13919 0.115457 0.0900892 0.072061 0.0464728 0.0198593 0.00849023 
0.484349 0.465922 0.459192 0.477003 0.525467 0.582644 0.614564 0.61214 0.593432 0.550971 0.466102 0.370325 0.302634 0.261997 0.224627 0.17926 0.141891 0.12428 0.124525 0.125328 0.136645 0.175109 0.212529 0.237626 0.268957 0.309672 0.352529 0.382959 0.398411 0.376939 0.336628 0.32178 0.324978 0.311214 0.292417 0.289637 0.270562 0.222902 0.173778 0.141981 0.126059 0.114157 0.103461 0.0887327 0.0716427 0.0597766 0.0551086 0.0502549 0.0472737 0.05339 0.0650783 0.0801443 0.10096 0.12208 0.135967 0.142792 0.140156 0.135503 0.13218 0.117078 0.0922833 0.0759248 0.0555008 0.0296209 0.0156892 
0.526793 0.498921 0.471842 0.459142 0.482122 0.527377 0.559237 0.564872 0.550964 0.515168 0.445244 0.362538 0.302359 0.255534 0.206476 0.156138 0.118193 0.101789 0.105754 0.115601 0.131234 0.163364 0.193292 0.213305 0.252855 0.313693 0.37195 0.410488 0.420309 0.375031 0.310643 0.280684 0.283617 0.287086 0.288522 0.293408 0.274447 0.23314 0.189787 0.158501 0.138732 0.126851 0.123508 0.117451 0.100374 0.0759459 0.0556803 0.0440063 0.0389476 0.0444577 0.0567334 0.0685358 0.0838894 0.104031 0.12683 0.144145 0.143458 0.1319 0.123407 0.10752 0.0868291 0.0763439 0.0644469 0.0453366 0.0319165 
0.567474 0.528629 0.486586 0.447658 0.431343 0.444583 0.471253 0.487931 0.488321 0.464195 0.406654 0.338067 0.288511 0.243444 0.194069 0.151192 0.119819 0.109276 0.12435 0.147337 0.160384 0.171331 0.182279 0.194657 0.236555 0.301487 0.357737 0.397348 0.404108 0.354781 0.289452 0.255477 0.255443 0.260862 0.261207 0.261701 0.250072 0.235485 0.225374 0.207676 0.179216 0.152937 0.136646 0.128721 0.11796 0.0896305 0.0575553 0.0388057 0.0321881 0.0384158 0.0519992 0.0609868 0.0703558 0.0882417 0.117429 0.142436 0.149347 0.139623 0.124228 0.102698 0.0834366 0.071511 0.0623997 0.0556043 0.05235 
0.566654 0.528861 0.488897 0.43921 0.395118 0.378944 0.392703 0.412952 0.420236 0.401523 0.356338 0.309181 0.280998 0.254527 0.21348 0.176099 0.155228 0.155131 0.179649 0.203949 0.205618 0.193734 0.18279 0.182136 0.216844 0.279408 0.335757 0.374834 0.379326 0.339838 0.287236 0.255596 0.249857 0.246802 0.234813 0.221305 0.213367 0.225062 0.252486 0.254736 0.221081 0.180974 0.149273 0.132953 0.123784 0.0961517 0.0617077 0.0417636 0.0359042 0.0413755 0.0519947 0.0576853 0.0607167 0.0727885 0.104103 0.138619 0.155615 0.149773 0.129625 0.106607 0.0850615 0.0635896 0.0518065 0.0541371 0.0606357 
0.503606 0.483512 0.465892 0.426333 0.372458 0.332812 0.320226 0.330537 0.341058 0.330719 0.303834 0.284779 0.285884 0.287019 0.259733 0.225286 0.217684 0.226397 0.241701 0.241137 0.224128 0.207351 0.199169 0.198102 0.226105 0.285845 0.348666 0.383783 0.373243 0.336871 0.300282 0.274746 0.261528 0.245411 0.223189 0.19581 0.180215 0.201261 0.246289 0.265935 0.242967 0.202664 0.16783 0.148878 0.137908 0.109336 0.0761628 0.0562321 0.0476453 0.0471958 0.0511312 0.0513965 0.0476403 0.0548431 0.084451 0.126332 0.152398 0.150529 0.131174 0.109679 0.0876118 0.0624877 0.0493245 0.0529906 0.0599143 
0.407122 0.409852 0.416281 0.390709 0.332878 0.27665 0.248125 0.256035 0.274579 0.280669 0.27536 0.280908 0.309819 0.331102 0.309688 0.271538 0.264579 0.268969 0.26518 0.241768 0.217034 0.208457 0.217155 0.226047 0.248654 0.299532 0.360771 0.392551 0.374053 0.336885 0.30261 0.276884 0.26034 0.243741 0.223055 0.188479 0.162906 0.177315 0.211673 0.234293 0.234315 0.209622 0.181895 0.163261 0.14859 0.120751 0.093392 0.0778093 0.0658964 0.0548137 0.047581 0.0411736 0.0349999 0.0401894 0.0645007 0.108843 0.146935 0.155694 0.140149 0.119487 0.103471 0.082606 0.0656711 0.0635056 0.0652948 
0.312182 0.328394 0.346504 0.333755 0.284347 0.224221 0.191104 0.197582 0.222896 0.251434 0.273341 0.294935 0.330359 0.350443 0.327803 0.285717 0.263107 0.25131 0.239365 0.224009 0.213357 0.210034 0.222323 0.235928 0.24854 0.279472 0.326296 0.355384 0.349238 0.319851 0.277862 0.247791 0.235885 0.236525 0.232898 0.202621 0.170015 0.165735 0.173358 0.186838 0.207534 0.212203 0.1962 0.169023 0.145268 0.121763 0.104713 0.100274 0.0943716 0.0782059 0.0581543 0.0416126 0.0344779 0.0406443 0.0609738 0.100133 0.140803 0.162891 0.157413 0.142985 0.135375 0.117017 0.0930735 0.0806551 0.0740227 
0.226101 0.244665 0.264267 0.260109 0.231341 0.187218 0.152883 0.148241 0.170481 0.212662 0.253024 0.27814 0.300926 0.311206 0.296725 0.26866 0.240554 0.213232 0.195944 0.200372 0.209845 0.204596 0.206121 0.219569 0.229321 0.245494 0.272396 0.288781 0.295516 0.283741 0.245476 0.215061 0.207395 0.22374 0.241531 0.223138 0.185993 0.164972 0.154907 0.162612 0.191004 0.213114 0.20544 0.174738 0.147032 0.125524 0.11223 0.108745 0.106277 0.0984304 0.081695 0.0625108 0.0562567 0.0652043 0.0810865 0.104539 0.130349 0.152676 0.157979 0.157822 0.157541 0.140473 0.116023 0.0997717 0.0899196 
0.15884 0.175486 0.197155 0.196572 0.179814 0.153291 0.122338 0.111472 0.126577 0.162528 0.197792 0.216705 0.230725 0.243481 0.248379 0.240949 0.216701 0.179474 0.159724 0.177109 0.1967 0.188187 0.178548 0.191672 0.210257 0.223823 0.231058 0.226379 0.229347 0.23223 0.210086 0.183331 0.175802 0.1976 0.227441 0.21514 0.179911 0.164889 0.163676 0.176785 0.203967 0.219664 0.205278 0.177967 0.157969 0.138037 0.119667 0.104475 0.0976617 0.102978 0.107643 0.102304 0.100145 0.110774 0.121741 0.126681 0.131446 0.139743 0.14503 0.156476 0.163826 0.154794 0.139791 0.128338 0.122523 
0.11975 0.135955 0.15888 0.161446 0.147186 0.126111 0.0985134 0.084566 0.0898999 0.111344 0.139535 0.161614 0.175638 0.190245 0.210042 0.213205 0.184786 0.145452 0.132673 0.154221 0.173417 0.167507 0.158305 0.169664 0.189811 0.198239 0.185861 0.162766 0.156581 0.168402 0.166055 0.150372 0.148907 0.173772 0.203634 0.191775 0.168033 0.176826 0.197928 0.215653 0.236893 0.24194 0.212322 0.177828 0.16099 0.145694 0.128708 0.116091 0.115551 0.129806 0.147801 0.155271 0.157302 0.168186 0.178045 0.174066 0.163291 0.153516 0.146562 0.157703 0.172527 0.172754 0.16258 0.155632 0.155419 
0.0990302 0.113964 0.131044 0.136681 0.128076 0.108299 0.0781351 0.0564263 0.0515875 0.0622094 0.0868278 0.113062 0.131466 0.145356 0.167644 0.179692 0.154723 0.122134 0.11587 0.129779 0.139168 0.137463 0.137433 0.148053 0.157951 0.152466 0.129649 0.106408 0.0992028 0.11071 0.118413 0.11825 0.131535 0.163009 0.187906 0.178277 0.16969 0.200127 0.235912 0.245812 0.252425 0.25153 0.21783 0.175438 0.155921 0.147163 0.141751 0.151613 0.169585 0.183814 0.195476 0.201254 0.207907 0.225117 0.240576 0.237801 0.21887 0.191999 0.170011 0.176012 0.193152 0.193629 0.179949 0.172145 0.170298 
0.0792891 0.0890502 0.0976209 0.105717 0.102943 0.0851157 0.0558183 0.0321479 0.0245108 0.029576 0.0443645 0.0613515 0.0803036 0.0982668 0.119154 0.141108 0.132394 0.109258 0.100419 0.0991496 0.0975584 0.0972288 0.102197 0.115217 0.123813 0.11695 0.100565 0.0856597 0.0745305 0.0754523 0.0841006 0.0986696 0.123073 0.151173 0.16736 0.168263 0.174888 0.209256 0.244618 0.254654 0.256881 0.251718 0.221337 0.180155 0.162223 0.158452 0.159688 0.183056 0.212732 0.222885 0.222695 0.220974 0.230741 0.259066 0.291521 0.30217 0.278634 0.230771 0.192842 0.194021 0.210289 0.207898 0.189102 0.176215 0.170768 
0.063026 0.0672793 0.0719764 0.0798396 0.0752096 0.0584924 0.0376986 0.0212424 0.01644 0.0196134 0.0248895 0.0303678 0.0431726 0.0612231 0.0806797 0.108227 0.116687 0.103286 0.0891162 0.0777987 0.0731416 0.0717228 0.0726276 0.08585 0.103902 0.108387 0.103755 0.0918987 0.0695601 0.0598996 0.0696582 0.0906756 0.109933 0.122206 0.133841 0.154368 0.178117 0.204353 0.229484 0.253399 0.269984 0.261335 0.23091 0.20307 0.197168 0.196032 0.189213 0.198677 0.225143 0.24108 0.244457 0.246816 0.254539 0.275008 0.306875 0.327515 0.30359 0.244912 0.202531 0.198069 0.206938 0.204767 0.193381 0.18707 0.18869 
0.0553277 0.0570576 0.0625839 0.0699761 0.0622427 0.044648 0.0289295 0.0200087 0.0199244 0.0225596 0.0211433 0.0224217 0.0346568 0.0533852 0.0715594 0.0984798 0.115078 0.107507 0.0892572 0.074093 0.0683395 0.0650214 0.0632232 0.0757416 0.100901 0.116956 0.121811 0.107619 0.0759752 0.0633968 0.0754688 0.0926941 0.096721 0.0956296 0.10749 0.137017 0.168161 0.192808 0.216243 0.246362 0.263715 0.251868 0.228947 0.226404 0.24088 0.245438 0.2257 0.208695 0.222355 0.251716 0.278905 0.299165 0.299247 0.289384 0.29191 0.307156 0.295022 0.249655 0.216463 0.203281 0.191674 0.182995 0.187988 0.204136 0.224517 
0.0591231 0.0630586 0.0706444 0.0739464 0.0635448 0.0461311 0.0290403 0.0216563 0.0252846 0.0291242 0.0266917 0.0308462 0.0497292 0.0731403 0.0897935 0.108775 0.119448 0.11148 0.094767 0.0782919 0.0670043 0.0605387 0.0604624 0.0730416 0.0976785 0.119955 0.129694 0.11542 0.086867 0.0785582 0.0925439 0.105187 0.100383 0.0917044 0.0985419 0.118643 0.14321 0.175038 0.2099 0.234272 0.234898 0.225488 0.215665 0.225558 0.248997 0.2669 0.25441 0.225992 0.226726 0.26207 0.311154 0.346648 0.34205 0.310745 0.28642 0.284908 0.279228 0.254243 0.230084 0.206679 0.178474 0.161908 0.172385 0.198156 0.224632 
0.0795906 0.0928332 0.103136 0.0962434 0.0785917 0.060729 0.0390906 0.0260727 0.0273192 0.032447 0.0357186 0.0468881 0.0714661 0.0962085 0.108658 0.114391 0.111299 0.103557 0.0969119 0.0826648 0.0631496 0.050622 0.0489096 0.0579876 0.0748205 0.0954767 0.107456 0.101484 0.088137 0.0867009 0.0995904 0.111547 0.108363 0.0982362 0.0986073 0.109453 0.132161 0.173081 0.213793 0.225339 0.214024 0.211233 0.210788 0.219213 0.240682 0.272514 0.280356 0.256838 0.248789 0.278078 0.329965 0.367112 0.369796 0.34643 0.320095 0.299802 0.277518 0.251974 0.226284 0.201089 0.175741 0.156904 0.154216 0.164383 0.181069 
0.112037 0.134478 0.147128 0.135283 0.109772 0.0851452 0.0576517 0.036944 0.0316173 0.0340318 0.0397813 0.0534939 0.0790948 0.10419 0.113985 0.108055 0.094828 0.0931137 0.097998 0.0882243 0.0642346 0.0460161 0.0378064 0.0399157 0.0491288 0.0652884 0.0772861 0.0777514 0.0750429 0.0772372 0.0886034 0.105795 0.115353 0.112031 0.107633 0.113542 0.138239 0.180231 0.20967 0.209382 0.199322 0.205097 0.216713 0.230872 0.256994 0.297081 0.313124 0.294047 0.279089 0.291257 0.328755 0.366167 0.396386 0.406832 0.394075 0.358923 0.309594 0.263639 0.228316 0.206187 0.189389 0.172933 0.153379 0.140228 0.142242 
0.140431 0.166136 0.180053 0.170553 0.140158 0.104462 0.0722187 0.0492879 0.040085 0.038624 0.0401467 0.050658 0.0778576 0.108236 0.117974 0.101622 0.0814524 0.0872874 0.10081 0.0929801 0.067271 0.0461246 0.0319546 0.0277923 0.0333775 0.0491981 0.062776 0.0665234 0.0663177 0.0678144 0.0774968 0.0981422 0.119962 0.125734 0.119276 0.123626 0.147638 0.182284 0.197025 0.191312 0.186621 0.202646 0.233453 0.259776 0.287778 0.322721 0.332354 0.316849 0.300817 0.295066 0.315185 0.357031 0.419807 0.46623 0.467188 0.425774 0.358336 0.291963 0.243588 0.220698 0.207205 0.192323 0.162661 0.134134 0.126778 
