terrain
33 33
0.124167 0.0833555 0.0645686 0.0768133 0.0919314 0.110627 0.144866 0.199294 0.271491 0.362215 0.423381 0.405107 0.352999 0.322163 0.322793 0.358233 0.327 0.221435 0.145893 0.118307 0.109992 0.108035 0.0937676 0.0859044 0.0982265 0.107806 0.134009 0.222943 0.332402 0.380093 0.398508 0.379539 0.345396 
0.122278 0.0916692 0.0665179 0.0619165 0.0732308 0.10471 0.150167 0.215066 0.300221 0.386754 0.442052 0.419778 0.366218 0.348218 0.355492 0.37012 0.328985 0.225428 0.139823 0.109722 0.108527 0.100725 0.0785468 0.0676153 0.0772744 0.0880531 0.11999 0.207193 0.307312 0.355515 0.383602 0.387134 0.368476 
0.130803 0.108989 0.0810414 0.0631844 0.0701143 0.105556 0.145944 0.19658 0.264415 0.337714 0.403622 0.415344 0.401078 0.402952 0.397327 0.371584 0.310928 0.217652 0.131908 0.0976293 0.098469 0.092268 0.0713873 0.056899 0.0628059 0.0799888 0.120699 0.197801 0.269744 0.309174 0.347355 0.373537 0.368968 
0.144678 0.146348 0.135188 0.109462 0.0981446 0.113194 0.129168 0.147309 0.181286 0.241905 0.317938 0.366789 0.411517 0.439313 0.416546 0.368097 0.302206 0.225894 0.15214 0.122399 0.124188 0.114731 0.0857227 0.0603164 0.0576667 0.0812703 0.136441 0.202622 0.24109 0.261728 0.301051 0.355753 0.384042 
0.170339 0.215568 0.245424 0.213082 0.157783 0.131153 0.116088 0.102944 0.110925 0.151581 0.211454 0.270061 0.353072 0.40234 0.377343 0.347823 0.319727 0.271689 0.212777 0.196235 0.194715 0.16011 0.102671 0.0597806 0.0458173 0.069642 0.132473 0.189718 0.206636 0.211035 0.245692 0.322401 0.389032 
0.211389 0.290347 0.356178 0.317979 0.218913 0.155644 0.120826 0.0900159 0.0763102 0.0867843 0.11933 0.172873 0.262939 0.335434 0.346414 0.349734 0.363866 0.343789 0.296619 0.284673 0.256639 0.177005 0.098941 0.0553852 0.0399969 0.0582416 0.103884 0.13606 0.144151 0.153083 0.187152 0.249381 0.310489 
0.253913 0.330563 0.401932 0.37774 0.271489 0.185722 0.143956 0.107574 0.0726457 0.0582473 0.0742081 0.123432 0.204209 0.29606 0.371493 0.416272 0.434764 0.397863 0.346424 0.333526 0.276822 0.164232 0.0855956 0.0551605 0.0497543 0.0691829 0.0922989 0.0915556 0.0928301 0.11583 0.153339 0.193324 0.237178 
0.301573 0.354056 0.412842 0.422851 0.343774 0.239657 0.186339 0.141074 0.0886829 0.062871 0.0826704 0.151854 0.235567 0.320135 0.419628 0.496255 0.49255 0.409406 0.354736 0.349783 0.280212 0.150836 0.0726774 0.050567 0.0587903 0.0915138 0.107048 0.0876716 0.0879067 0.128438 0.179172 0.214597 0.256432 
0.372834 0.40355 0.443206 0.466714 0.409284 0.29759 0.239378 0.195289 0.143293 0.122031 0.166613 0.275637 0.364428 0.403181 0.447514 0.501074 0.484255 0.400288 0.357639 0.349482 0.265275 0.130254 0.0535441 0.0337836 0.0473264 0.0931468 0.120603 0.101892 0.111416 0.181929 0.256585 0.294933 0.337837 
0.453244 0.459049 0.474518 0.489806 0.441111 0.350765 0.314444 0.294858 0.268223 0.270854 0.34838 0.471777 0.522838 0.483739 0.451054 0.458711 0.444239 0.393594 0.347413 0.300355 0.199025 0.0875018 0.0319915 0.0184779 0.0298781 0.0712141 0.107792 0.100722 0.117641 0.210626 0.316286 0.371971 0.416134 
0.582513 0.559878 0.541872 0.535036 0.4979 0.443416 0.431942 0.441597 0.457221 0.495426 0.577655 0.65783 0.625458 0.519421 0.468464 0.475469 0.462069 0.408272 0.329672 0.2359 0.128669 0.0528397 0.020741 0.0120062 0.0172349 0.0413895 0.0736852 0.0811534 0.102705 0.197636 0.325651 0.403525 0.448842 
0.771354 0.731691 0.686716 0.667576 0.657895 0.637677 0.64365 0.670867 0.695165 0.714827 0.73695 0.739567 0.660622 0.556245 0.52836 0.549924 0.525038 0.4314 0.316184 0.201693 0.103596 0.0471409 0.0206223 0.00829362 0.00668724 0.0174002 0.0423794 0.0620497 0.0909018 0.17531 0.299578 0.384246 0.435273 
0.872239 0.829299 0.7906 0.782683 0.801919 0.811279 0.850802 0.90671 0.909339 0.850403 0.785475 0.728901 0.664749 0.623116 0.630447 0.653601 0.61679 0.48774 0.337135 0.200604 0.101565 0.0495355 0.0214167 0.00452059 0.000929828 0.00516042 0.0250206 0.055259 0.0883532 0.142368 0.22976 0.313471 0.377573 
0.806839 0.752482 0.728358 0.750377 0.805246 0.847543 0.92371 1 0.981755 0.861332 0.755914 0.703 0.67694 0.682787 0.706633 0.718119 0.676797 0.548958 0.373995 0.19744 0.0827694 0.0350305 0.0145516 0.00246887 4.7509e-05 0.00123657 0.0127632 0.043113 0.0756859 0.0991246 0.144058 0.218218 0.283171 
0.692228 0.62871 0.611586 0.652765 0.712855 0.758042 0.854954 0.958276 0.961285 0.828527 0.707872 0.680658 0.687294 0.712198 0.741709 0.732486 0.671072 0.555531 0.37751 0.179465 0.0539137 0.0121084 0.00326668 0.000695448 7.7002e-06 0.000282234 0.00462733 0.0221992 0.0470063 0.0618356 0.0858603 0.139029 0.186076 
0.626741 0.568638 0.550016 0.581926 0.611027 0.633748 0.739441 0.882449 0.924062 0.807045 0.697918 0.696378 0.722402 0.745894 0.751625 0.700853 0.618966 0.510564 0.327045 0.13771 0.0310417 0.00216836 4.90548e-06 5.44623e-05 6.96639e-05 0.000127872 0.00115896 0.00648318 0.0186579 0.0339559 0.0535904 0.0864019 0.112797 
0.614026 0.5658 0.52312 0.520463 0.525566 0.540106 0.629473 0.771747 0.834557 0.769378 0.72135 0.763547 0.808823 0.813529 0.751412 0.627278 0.524964 0.43121 0.260859 0.0973136 0.0188777 0.000837406 0 0.000585111 0.00111523 0.000510904 0.000491426 0.00151835 0.00589386 0.0190829 0.039812 0.0621145 0.0758916 
0.620347 0.601965 0.559276 0.544295 0.545169 0.553799 0.598778 0.68708 0.733406 0.710509 0.722707 0.813839 0.875234 0.82053 0.652838 0.46648 0.370566 0.320796 0.208426 0.0833712 0.0187917 0.00300763 0.00142602 0.00291889 0.00380416 0.0038147 0.00451713 0.00495479 0.00780645 0.0222735 0.0533253 0.0860109 0.105767 
0.650314 0.660305 0.664921 0.688496 0.691154 0.658498 0.638979 0.669647 0.690397 0.676025 0.709317 0.817263 0.861796 0.734725 0.511271 0.325546 0.25279 0.242807 0.19898 0.111294 0.0430274 0.0194003 0.0115426 0.00706435 0.00593103 0.00886361 0.0156011 0.020901 0.0276383 0.050994 0.109361 0.184268 0.23701 
0.707903 0.711788 0.766677 0.856149 0.867861 0.774271 0.698001 0.693033 0.687215 0.665009 0.699354 0.784421 0.784061 0.616432 0.412997 0.273234 0.215364 0.213147 0.210682 0.158701 0.0917056 0.0584048 0.0367684 0.017762 0.00975675 0.0103352 0.0211782 0.0435225 0.0716543 0.111833 0.201622 0.326605 0.41205 
0.748344 0.749817 0.819208 0.934902 0.958882 0.844651 0.736796 0.701405 0.677008 0.67102 0.719206 0.757291 0.693548 0.511605 0.358774 0.277338 0.234934 0.22397 0.231457 0.207627 0.151687 0.108458 0.07747 0.0471204 0.026521 0.0203747 0.0384623 0.0884118 0.146228 0.200183 0.300511 0.438081 0.515451 
0.723252 0.733367 0.777865 0.879395 0.940305 0.875798 0.77225 0.726539 0.713942 0.740613 0.781247 0.742735 0.614833 0.442546 0.337543 0.310123 0.302255 0.290526 0.289629 0.283957 0.244833 0.191031 0.154917 0.116566 0.0757866 0.0580922 0.0877871 0.163739 0.239174 0.296407 0.390228 0.504691 0.552706 
0.676886 0.674593 0.679986 0.752423 0.8546 0.878818 0.829207 0.800736 0.804753 0.851231 0.866624 0.757932 0.57342 0.398579 0.320757 0.344332 0.388071 0.392492 0.381323 0.385494 0.373478 0.325489 0.287531 0.231367 0.162502 0.126432 0.153996 0.239092 0.328315 0.39327 0.477907 0.550092 0.56235 
0.616721 0.611594 0.606607 0.65721 0.764835 0.852073 0.864951 0.846175 0.835948 0.891924 0.916611 0.781416 0.55393 0.36921 0.299386 0.341269 0.42238 0.470273 0.472072 0.471631 0.476575 0.453447 0.430933 0.368783 0.283458 0.226545 0.235812 0.313685 0.414099 0.491676 0.559083 0.584933 0.568086 
0.572697 0.582747 0.589391 0.62659 0.706973 0.79864 0.830845 0.789425 0.745479 0.81117 0.888539 0.797524 0.576336 0.393167 0.305117 0.314631 0.395217 0.498802 0.549576 0.533455 0.501267 0.471938 0.466132 0.435747 0.380409 0.343058 0.358125 0.431472 0.53281 0.607087 0.636575 0.619472 0.595104 
0.600052 0.600844 0.60447 0.63238 0.682393 0.743722 0.761567 0.683993 0.614634 0.685805 0.811153 0.795998 0.631233 0.468773 0.36331 0.339457 0.390422 0.487971 0.56735 0.557159 0.477513 0.409581 0.398583 0.415063 0.421552 0.434273 0.482174 0.56406 0.657433 0.695722 0.665263 0.610005 0.582534 
0.652421 0.638456 0.63252 0.660543 0.692601 0.710119 0.705622 0.627791 0.572608 0.651564 0.786942 0.803618 0.697065 0.582643 0.495901 0.461883 0.457219 0.465968 0.504642 0.513007 0.440602 0.351888 0.318932 0.356998 0.414274 0.455604 0.505431 0.578618 0.659028 0.662144 0.591642 0.523387 0.496147 
0.661849 0.662707 0.668212 0.685109 0.68295 0.656743 0.637077 0.592707 0.572873 0.650213 0.771008 0.80615 0.763858 0.711627 0.652398 0.59122 0.514741 0.427225 0.395157 0.393239 0.354362 0.286263 0.241768 0.27387 0.342331 0.380018 0.401745 0.445308 0.517739 0.526003 0.466071 0.429409 0.424986 
0.613554 0.619352 0.625079 0.615159 0.590846 0.564343 0.551734 0.529801 0.520858 0.576228 0.668649 0.72791 0.750206 0.754719 0.710978 0.604572 0.485396 0.369838 0.298114 0.264226 0.235928 0.206253 0.173577 0.194803 0.256014 0.283072 0.280413 0.294689 0.34539 0.372447 0.366082 0.381475 0.402064 
0.471482 0.485038 0.502734 0.495057 0.480691 0.497331 0.525361 0.51472 0.490329 0.503622 0.544505 0.59972 0.654717 0.706425 0.692984 0.569919 0.431991 0.313293 0.22558 0.175811 0.158833 0.160596 0.145073 0.156318 0.206525 0.237305 0.233296 0.223362 0.231338 0.252882 0.29111 0.345664 0.382284 
0.334563 0.363936 0.409143 0.427618 0.43769 0.486418 0.54307 0.539042 0.501621 0.484708 0.487721 0.525455 0.584149 0.6654 0.691184 0.580986 0.426277 0.287835 0.190309 0.143301 0.139446 0.15334 0.146402 0.154332 0.202914 0.23926 0.238492 0.215347 0.190589 0.199601 0.254359 0.328773 0.371933 
0.283366 0.31294 0.364282 0.399387 0.438648 0.507298 0.570335 0.552465 0.490754 0.470498 0.484152 0.519914 0.574627 0.671581 0.728352 0.63689 0.465431 0.296112 0.186743 0.144684 0.140591 0.141546 0.132198 0.141543 0.186894 0.216881 0.223198 0.214789 0.199317 0.220554 0.278795 0.338529 0.354351 
0.271752 0.294645 0.333931 0.370513 0.429177 0.512238 0.580386 0.539454 0.445342 0.438566 0.491093 0.541313 0.589795 0.684104 0.754497 0.685382 0.516635 0.320605 0.18671 0.137506 0.12432 0.109993 0.0986748 0.110504 0.148952 0.171691 0.187084 0.202364 0.222803 0.277681 0.339881 0.366556 0.3416 
