terrain
65 65
0.438246 0.467447 0.501698 0.520804 0.553603 0.620357 0.711014 0.759322 0.754538 0.72216 0.718033 0.745586 0.78682 0.84596 0.892725 0.897462 0.81775 0.710898 0.66699 0.664995 0.662123 0.656581 0.656544 0.669308 0.686758 0.710444 0.73197 0.723006 0.671333 0.587036 0.492905 0.412395 0.369684 0.333254 0.286472 0.252787 0.242265 0.231473 0.201748 0.166245 0.152846 0.160659 0.159274 0.132467 0.112917 0.11537 0.116556 0.103003 0.0850931 0.085198 0.10544 0.113449 0.101925 0.0982176 0.118843 0.173485 0.22657 0.245573 0.255606 0.281085 0.316159 0.345083 0.345987 0.334322 0.328275 
0.474982 0.479239 0.486657 0.492273 0.520762 0.587432 0.68184 0.73601 0.726259 0.695335 0.714925 0.776068 0.83462 0.893796 0.931726 0.926174 0.848635 0.743766 0.691028 0.683647 0.685224 0.685172 0.675244 0.661164 0.663226 0.691066 0.721238 0.713783 0.669144 0.604455 0.524052 0.4369 0.382133 0.347149 0.309761 0.274587 0.250577 0.227426 0.193918 0.159535 0.146882 0.153558 0.149894 0.124474 0.108429 0.11093 0.111279 0.102226 0.090547 0.0948118 0.11665 0.123571 0.10694 0.0932796 0.105584 0.154531 0.209212 0.238993 0.254272 0.270798 0.291692 0.320634 0.336328 0.334131 0.325857 
0.488181 0.47796 0.465429 0.45505 0.478306 0.551452 0.65145 0.707199 0.687982 0.659065 0.700901 0.791619 0.873814 0.943235 0.978206 0.965981 0.894221 0.788458 0.716756 0.698045 0.705097 0.704477 0.670848 0.62586 0.611762 0.63709 0.671121 0.673045 0.643109 0.593456 0.529165 0.453738 0.398203 0.362783 0.330432 0.297175 0.266937 0.237233 0.199996 0.16166 0.144084 0.145862 0.139391 0.114927 0.101456 0.104508 0.105877 0.107503 0.108444 0.113195 0.126409 0.130909 0.116335 0.0947505 0.0920324 0.122304 0.168342 0.203729 0.223018 0.234727 0.247419 0.274756 0.301178 0.31005 0.307604 
0.4605 0.455064 0.438129 0.418649 0.444697 0.530724 0.626677 0.667364 0.641153 0.619413 0.666309 0.757675 0.858023 0.953632 1 0.979032 0.911594 0.822749 0.752611 0.720519 0.7137 0.68932 0.629805 0.572786 0.549564 0.56203 0.585712 0.593999 0.578814 0.533389 0.480687 0.436646 0.397005 0.355625 0.319307 0.293248 0.272651 0.254365 0.225021 0.182847 0.154707 0.147449 0.139665 0.11611 0.101654 0.103659 0.108605 0.122093 0.137167 0.136888 0.12845 0.122031 0.113223 0.0918351 0.0747629 0.0828644 0.116058 0.153713 0.17822 0.191925 0.202761 0.220536 0.243436 0.264694 0.281016 
0.394029 0.40507 0.405628 0.389973 0.416053 0.506896 0.591597 0.60959 0.583518 0.579338 0.627099 0.703692 0.809646 0.930313 0.992373 0.960165 0.890543 0.838068 0.802706 0.760231 0.714136 0.651811 0.577077 0.520198 0.492782 0.492544 0.504274 0.513249 0.495423 0.445474 0.405805 0.390839 0.373682 0.342255 0.306536 0.277329 0.259353 0.257329 0.24685 0.210505 0.172774 0.152932 0.145302 0.130859 0.118802 0.118539 0.128415 0.147463 0.162772 0.149409 0.120896 0.100709 0.0895839 0.0714338 0.0537223 0.0554506 0.0809684 0.116644 0.148602 0.17117 0.179925 0.180728 0.191943 0.222254 0.257503 
0.332478 0.352921 0.375929 0.37547 0.396958 0.476906 0.546255 0.548203 0.52874 0.543026 0.595402 0.672219 0.78363 0.908497 0.975402 0.945116 0.877538 0.845269 0.834607 0.791082 0.71306 0.625895 0.546472 0.490826 0.460319 0.447351 0.447187 0.45092 0.421731 0.369757 0.344936 0.343842 0.339679 0.332645 0.309268 0.2739 0.25338 0.260876 0.265308 0.238388 0.192587 0.157669 0.14724 0.148254 0.14576 0.143519 0.155841 0.173248 0.174921 0.146184 0.111051 0.0864741 0.0687822 0.0506846 0.0398971 0.0453653 0.0669147 0.0964166 0.129285 0.158583 0.167448 0.157722 0.155565 0.17717 0.209714 
0.31401 0.332108 0.363383 0.37693 0.39551 0.457445 0.514026 0.514675 0.499922 0.517381 0.568602 0.658045 0.778418 0.882816 0.937911 0.930714 0.884868 0.850588 0.83689 0.804191 0.725339 0.634699 0.557118 0.493144 0.445158 0.414493 0.401984 0.397955 0.368752 0.326035 0.309053 0.311492 0.314171 0.325582 0.316824 0.287564 0.272105 0.288944 0.308746 0.287803 0.230291 0.179285 0.160228 0.164668 0.162284 0.153358 0.16377 0.18196 0.177035 0.141475 0.107013 0.0833495 0.061455 0.0436122 0.0380534 0.0452306 0.0631269 0.0909437 0.122311 0.148004 0.157292 0.148616 0.13658 0.140068 0.156471 
0.329577 0.342865 0.371651 0.392766 0.408733 0.450914 0.504333 0.519116 0.50792 0.519272 0.559688 0.647884 0.772447 0.863127 0.908145 0.923614 0.902099 0.865679 0.846071 0.827157 0.767602 0.68821 0.616511 0.532 0.4461 0.391703 0.371464 0.364531 0.344428 0.313898 0.292221 0.287774 0.296404 0.318305 0.321767 0.312617 0.315115 0.341551 0.367745 0.343675 0.277982 0.219054 0.187327 0.174589 0.154655 0.13529 0.143996 0.169534 0.173071 0.144391 0.114184 0.0883707 0.0631836 0.0469974 0.0436338 0.0483625 0.0620725 0.0913071 0.123731 0.141197 0.144219 0.138602 0.1269 0.123283 0.129233 
0.339753 0.350999 0.377289 0.403868 0.421569 0.449754 0.498612 0.526711 0.529522 0.548885 0.585815 0.65929 0.7733 0.863897 0.911516 0.936903 0.929479 0.901084 0.88159 0.869874 0.832358 0.764702 0.683683 0.574468 0.466252 0.403396 0.378481 0.363994 0.341944 0.319359 0.297148 0.28261 0.28916 0.312733 0.325576 0.33531 0.35274 0.379062 0.398423 0.370871 0.306479 0.243405 0.197466 0.16414 0.129532 0.105978 0.114785 0.148661 0.167726 0.153616 0.129214 0.0983532 0.0700214 0.0553237 0.0518999 0.0529799 0.0626052 0.0892577 0.118647 0.130598 0.130038 0.126432 0.119851 0.119052 0.122707 
0.320343 0.33611 0.370356 0.40571 0.427858 0.445415 0.47734 0.512165 0.54584 0.590756 0.641874 0.712401 0.806427 0.877311 0.904214 0.916316 0.919844 0.907137 0.886338 0.870034 0.846599 0.795501 0.707008 0.593129 0.497848 0.439784 0.403755 0.377771 0.353011 0.340281 0.332818 0.318062 0.309948 0.311445 0.315756 0.327574 0.346013 0.368449 0.385748 0.364676 0.306123 0.236236 0.178293 0.137883 0.105544 0.0856178 0.0937782 0.12917 0.158371 0.156404 0.135274 0.100591 0.0726628 0.0604049 0.0579641 0.0580635 0.0639198 0.0833487 0.103806 0.112628 0.115679 0.116048 0.11388 0.114718 0.117006 
0.295462 0.319996 0.361921 0.394917 0.414661 0.428747 0.449224 0.493458 0.560355 0.633541 0.712484 0.798847 0.870189 0.887373 0.857846 0.83417 0.836761 0.836867 0.813909 0.789248 0.774764 0.747697 0.673078 0.574779 0.504409 0.454253 0.414826 0.395374 0.387076 0.388149 0.393926 0.385505 0.359584 0.322705 0.30087 0.299849 0.304375 0.313769 0.332931 0.329745 0.288097 0.224183 0.166476 0.127331 0.102001 0.0874743 0.0910691 0.114592 0.137699 0.140072 0.124924 0.0958624 0.0718218 0.0606622 0.0606907 0.0637523 0.0665295 0.0756412 0.0851376 0.0888733 0.0920661 0.0936724 0.0946881 0.0975013 0.10095 
0.277429 0.307007 0.346797 0.367181 0.381911 0.40722 0.437408 0.492255 0.581345 0.68067 0.777178 0.860462 0.902038 0.871564 0.799664 0.743316 0.728154 0.731147 0.71928 0.70702 0.702739 0.679272 0.605085 0.514191 0.45608 0.416145 0.391037 0.395626 0.419226 0.439657 0.446296 0.436227 0.402221 0.34221 0.298139 0.281954 0.267475 0.255533 0.266391 0.281618 0.273668 0.233561 0.182049 0.141192 0.11849 0.109402 0.107776 0.112953 0.116654 0.113285 0.10486 0.0901683 0.0743349 0.0616129 0.0585271 0.0622252 0.0651937 0.0673299 0.0694744 0.0675227 0.0637243 0.0613847 0.0629775 0.0654158 0.0680687 
0.271663 0.293809 0.321578 0.335635 0.353875 0.390897 0.435061 0.497315 0.597587 0.71526 0.812098 0.870375 0.886576 0.846637 0.773305 0.700896 0.663863 0.665886 0.673175 0.677091 0.673947 0.630801 0.534233 0.44305 0.395985 0.372374 0.362192 0.379253 0.425521 0.462215 0.463293 0.444191 0.414569 0.362816 0.314981 0.281971 0.245051 0.21724 0.217595 0.235118 0.24715 0.230291 0.190155 0.152614 0.132868 0.130415 0.128761 0.119295 0.104297 0.0931407 0.0871299 0.080837 0.0682963 0.0527776 0.0438873 0.0438569 0.0483184 0.0521294 0.0537526 0.0477285 0.0385752 0.0355356 0.0391677 0.0406614 0.0400133 
0.269188 0.278654 0.296741 0.317804 0.344311 0.379767 0.431947 0.505146 0.608904 0.732476 0.827731 0.86325 0.857894 0.826549 0.776851 0.71092 0.662573 0.658096 0.670353 0.672743 0.665197 0.605545 0.493675 0.411965 0.383192 0.376417 0.374851 0.391234 0.433578 0.454475 0.437533 0.413042 0.398005 0.375341 0.342712 0.298316 0.242869 0.207783 0.200625 0.203744 0.205556 0.194092 0.167773 0.144261 0.133585 0.135548 0.133392 0.116943 0.0960412 0.0842341 0.0761777 0.0627795 0.0451866 0.031889 0.0250487 0.0222528 0.0228854 0.0263736 0.0291162 0.0249736 0.0187627 0.018065 0.023476 0.0278079 0.0282949 
0.256629 0.255609 0.273531 0.309389 0.345571 0.382484 0.445163 0.533871 0.641871 0.754533 0.827645 0.839217 0.823246 0.810724 0.790435 0.740143 0.684754 0.662026 0.670378 0.676928 0.670184 0.600291 0.485057 0.415291 0.399369 0.402176 0.406413 0.422898 0.44531 0.430054 0.393945 0.378415 0.387871 0.389946 0.368539 0.324136 0.268797 0.234143 0.215458 0.191311 0.170505 0.157357 0.140577 0.123383 0.115666 0.118055 0.11419 0.101275 0.0888827 0.0829457 0.0706709 0.0453304 0.02504 0.0166037 0.0132229 0.00975406 0.00738364 0.00817608 0.00961968 0.00798301 0.00621497 0.00744732 0.012171 0.0171736 0.0193085 
0.255179 0.245267 0.258047 0.295073 0.339581 0.393199 0.471315 0.571776 0.679107 0.767166 0.811187 0.820146 0.821593 0.828672 0.815891 0.762268 0.695052 0.656342 0.659119 0.669293 0.653267 0.57483 0.475976 0.426115 0.415572 0.418465 0.424897 0.437859 0.435336 0.400506 0.373564 0.384258 0.416383 0.421101 0.395114 0.359533 0.322355 0.288477 0.247048 0.192365 0.15525 0.141829 0.127589 0.104322 0.09106 0.0934901 0.092662 0.0881797 0.0854202 0.0839132 0.0695709 0.0389521 0.0185351 0.0118379 0.00814647 0.00396176 0.00196935 0.00253754 0.00276585 0.00114437 0.000726246 0.00239097 0.00645275 0.00981984 0.011153 
0.271888 0.258158 0.260397 0.287869 0.339691 0.412808 0.500597 0.603704 0.703034 0.776033 0.822512 0.851577 0.866679 0.867296 0.834726 0.768373 0.69807 0.658762 0.651714 0.646905 0.613504 0.539164 0.471317 0.446996 0.439529 0.432086 0.428784 0.424779 0.403444 0.38418 0.397908 0.439355 0.480988 0.479152 0.445039 0.412531 0.383858 0.336289 0.26645 0.193905 0.154443 0.143332 0.125083 0.0943043 0.079297 0.08466 0.0898848 0.089923 0.0859837 0.0823654 0.0703449 0.0431352 0.0229883 0.0139432 0.00704053 0.00221808 0.00103856 0.00172755 0.00126235 4.71119e-05 0 0.00105645 0.00562595 0.00913533 0.00993339 
0.283404 0.27152 0.269092 0.295038 0.361427 0.455426 0.553334 0.656118 0.747037 0.815258 0.870746 0.900553 0.893158 0.854962 0.800544 0.74551 0.703136 0.682928 0.666688 0.638488 0.594963 0.542668 0.51059 0.513463 0.508406 0.480972 0.455652 0.428802 0.400045 0.41066 0.467282 0.530433 0.571118 0.566331 0.522362 0.470677 0.424277 0.362162 0.280586 0.206292 0.167089 0.152603 0.129943 0.101212 0.091938 0.0992222 0.105044 0.103265 0.093806 0.0856366 0.074059 0.0525626 0.0346876 0.0219095 0.0104644 0.00415877 0.00277753 0.0028997 0.00147155 0.000116918 8.56042e-05 0.00226655 0.00924179 0.0147232 0.0158498 
0.265889 0.258706 0.265589 0.30646 0.391568 0.501819 0.616327 0.730811 0.818403 0.863169 0.890131 0.894026 0.851857 0.775357 0.719155 0.706819 0.712272 0.70891 0.687604 0.657126 0.621339 0.589772 0.583395 0.606068 0.601136 0.557761 0.51709 0.477274 0.448135 0.479112 0.557029 0.628371 0.673872 0.683254 0.634317 0.540803 0.448782 0.374541 0.304588 0.237442 0.188897 0.161407 0.136185 0.116097 0.115388 0.124557 0.127195 0.119458 0.106877 0.0970357 0.0821554 0.0621387 0.0469746 0.0322591 0.0179139 0.0107028 0.00952797 0.00822188 0.00426264 0.00109956 0.00100281 0.00561266 0.0162831 0.024503 0.0264887 
0.248343 0.251503 0.276284 0.33594 0.425164 0.525798 0.645831 0.775664 0.856238 0.861911 0.847281 0.828566 0.77466 0.694321 0.650445 0.670118 0.703179 0.701044 0.686398 0.677997 0.660632 0.64196 0.64735 0.670951 0.655193 0.60478 0.568169 0.538106 0.520567 0.562557 0.639687 0.701595 0.74478 0.767765 0.7315 0.617603 0.482576 0.385995 0.326191 0.266687 0.208809 0.167062 0.136793 0.122859 0.128888 0.14293 0.147469 0.138332 0.126185 0.117176 0.0988654 0.0764118 0.0604068 0.0427267 0.02546 0.0183672 0.0199484 0.0193905 0.012106 0.00452558 0.00311063 0.00877289 0.0194969 0.0264575 0.0280376 
0.259475 0.281542 0.325212 0.394277 0.473957 0.55514 0.670739 0.801948 0.865873 0.848099 0.815634 0.777058 0.716454 0.64912 0.611325 0.62593 0.661082 0.670144 0.680043 0.694291 0.6845 0.668406 0.673448 0.686806 0.664063 0.627594 0.611772 0.6001 0.597092 0.63864 0.698693 0.744769 0.777227 0.792119 0.762408 0.660266 0.515012 0.396011 0.326414 0.2653 0.208453 0.167486 0.138773 0.128539 0.13686 0.153589 0.163651 0.163101 0.155009 0.142128 0.12007 0.0960097 0.076621 0.0541108 0.0322337 0.0247801 0.0299938 0.0327813 0.0245873 0.0132576 0.00939034 0.0127462 0.0175939 0.0199745 0.0207321 
0.283957 0.32742 0.391163 0.460798 0.528149 0.596663 0.692696 0.801275 0.857569 0.849805 0.825272 0.766984 0.691103 0.636049 0.600139 0.592078 0.614425 0.638769 0.674524 0.70754 0.702911 0.682899 0.67737 0.671683 0.650169 0.639644 0.640089 0.636557 0.64298 0.674751 0.712061 0.744749 0.779209 0.793144 0.753845 0.655106 0.515581 0.388084 0.305034 0.246774 0.208356 0.183908 0.160453 0.146607 0.148894 0.162863 0.175692 0.184527 0.180791 0.160959 0.1353 0.111798 0.0925195 0.0685765 0.0434194 0.0337755 0.03838 0.0414949 0.0369153 0.0291156 0.0234527 0.0197452 0.0173754 0.0162568 0.015131 
0.291749 0.343079 0.419816 0.497342 0.569112 0.631578 0.694205 0.768809 0.828008 0.844223 0.83681 0.776364 0.699607 0.655611 0.61893 0.586383 0.58518 0.604155 0.642244 0.691039 0.712841 0.705112 0.687827 0.654034 0.63055 0.638605 0.645031 0.642037 0.653345 0.677207 0.699244 0.720749 0.761325 0.781726 0.730748 0.621658 0.490844 0.371261 0.28677 0.240643 0.22732 0.223208 0.202272 0.172404 0.158481 0.169735 0.186198 0.195782 0.189609 0.164453 0.138372 0.11896 0.104239 0.0832927 0.0589791 0.0459951 0.0443261 0.0436767 0.0435668 0.0442583 0.0390533 0.0278462 0.0202705 0.018357 0.0166783 
0.297525 0.341138 0.419347 0.511124 0.595812 0.653548 0.692412 0.743254 0.797663 0.821537 0.819451 0.768275 0.701743 0.662992 0.628744 0.580615 0.555827 0.563699 0.593816 0.645279 0.689308 0.700614 0.683525 0.639927 0.616401 0.629387 0.642915 0.646546 0.659204 0.670607 0.675732 0.693051 0.733628 0.74475 0.684034 0.577847 0.469567 0.368626 0.289091 0.248801 0.244475 0.25059 0.235431 0.196558 0.172695 0.181811 0.197331 0.201293 0.190112 0.164429 0.141909 0.126486 0.113173 0.094655 0.0718792 0.0540862 0.0445491 0.0418946 0.0448131 0.0501616 0.0471947 0.0345666 0.0260529 0.0262591 0.0267629 
0.34411 0.374293 0.444728 0.536995 0.620918 0.665573 0.686492 0.72332 0.768891 0.782752 0.75976 0.702645 0.645286 0.617818 0.595184 0.541228 0.496741 0.499314 0.53447 0.589373 0.635429 0.649896 0.637011 0.606452 0.592978 0.602928 0.620732 0.640456 0.661062 0.659228 0.648122 0.673561 0.715557 0.70766 0.637388 0.542661 0.454456 0.372989 0.306901 0.26788 0.254623 0.258993 0.254468 0.223891 0.200812 0.201563 0.203469 0.197586 0.181123 0.157944 0.142207 0.130912 0.117996 0.0988364 0.0744709 0.052153 0.0391432 0.0397857 0.0463701 0.0519528 0.0510936 0.0415827 0.0353112 0.0387784 0.0423976 
0.4396 0.459545 0.515211 0.588502 0.654754 0.678294 0.677722 0.694294 0.725329 0.726774 0.675841 0.602531 0.558575 0.552594 0.545724 0.498905 0.446646 0.436959 0.462666 0.511128 0.552634 0.563315 0.552467 0.537819 0.533787 0.544128 0.565965 0.593969 0.618716 0.617049 0.612666 0.654034 0.700254 0.686847 0.621463 0.542862 0.460409 0.38372 0.329625 0.296183 0.277753 0.283733 0.28982 0.268977 0.241258 0.221952 0.200732 0.182003 0.163768 0.144535 0.131106 0.12299 0.116133 0.098513 0.0725095 0.0492284 0.0367349 0.0390593 0.0462675 0.0518469 0.0556916 0.0527866 0.0484526 0.0510613 0.0543356 
0.565219 0.583828 0.619977 0.659848 0.698366 0.704987 0.688101 0.67361 0.669567 0.657933 0.603976 0.526603 0.488786 0.494988 0.503246 0.478343 0.434679 0.411316 0.410375 0.433452 0.460734 0.465982 0.45368 0.441572 0.440794 0.464939 0.501173 0.52972 0.546892 0.549447 0.563408 0.612043 0.657883 0.658669 0.618097 0.564978 0.494683 0.419842 0.363802 0.326874 0.307433 0.316587 0.328684 0.318522 0.291016 0.256013 0.213433 0.176813 0.154503 0.139221 0.124662 0.11525 0.111683 0.0974991 0.0724589 0.0485854 0.0353001 0.0346805 0.0396638 0.0493803 0.0643502 0.0716909 0.0693235 0.0673147 0.0662674 
0.718402 0.741352 0.757494 0.753582 0.75296 0.743404 0.720409 0.680648 0.6316 0.592435 0.545779 0.483704 0.452283 0.464344 0.479829 0.469841 0.437241 0.40294 0.376865 0.374106 0.379687 0.375092 0.356663 0.342412 0.353603 0.401218 0.450594 0.471303 0.47224 0.478005 0.507107 0.552585 0.589824 0.604401 0.593576 0.574552 0.535351 0.476507 0.414999 0.364726 0.33729 0.338796 0.350085 0.351881 0.335139 0.299117 0.251899 0.2074 0.176465 0.152633 0.128745 0.112798 0.105073 0.093292 0.0723364 0.0479588 0.0332001 0.0311408 0.0377367 0.0546541 0.0811537 0.0973101 0.0974368 0.0923485 0.0890491 
0.88066 0.898364 0.890406 0.841201 0.797601 0.766118 0.741978 0.696478 0.619931 0.554015 0.50923 0.463378 0.437691 0.452371 0.468125 0.457336 0.426113 0.385432 0.344935 0.324459 0.316021 0.310395 0.296178 0.287318 0.307453 0.360384 0.408927 0.422978 0.41955 0.431797 0.466693 0.506008 0.531478 0.545828 0.553813 0.559903 0.548429 0.520171 0.473763 0.42155 0.388964 0.378236 0.379144 0.377475 0.36036 0.325892 0.286196 0.247738 0.206583 0.164546 0.131685 0.113545 0.103103 0.092701 0.0743544 0.0504752 0.0361847 0.03593 0.0458835 0.0658765 0.0927906 0.110394 0.116434 0.115923 0.116723 
0.977597 0.98514 0.959918 0.876989 0.798963 0.74999 0.724275 0.689214 0.628424 0.571393 0.529419 0.479111 0.437569 0.432588 0.43555 0.41906 0.385602 0.346717 0.311719 0.291061 0.284624 0.28731 0.287265 0.290523 0.307336 0.339174 0.371397 0.385013 0.393799 0.415413 0.448851 0.483516 0.502702 0.513393 0.524908 0.529218 0.528494 0.535202 0.5206 0.483601 0.456124 0.436736 0.420711 0.400544 0.367521 0.330098 0.2935 0.254103 0.205506 0.161086 0.135435 0.123979 0.115554 0.103945 0.0820078 0.0576296 0.0446254 0.0463468 0.0567883 0.0732989 0.092646 0.108463 0.121241 0.127689 0.131061 
0.961871 0.967513 0.948281 0.870181 0.786843 0.727197 0.693419 0.666641 0.63972 0.613739 0.574162 0.50844 0.442334 0.411706 0.400041 0.373341 0.327711 0.291872 0.279367 0.278813 0.286273 0.30044 0.314524 0.327009 0.33545 0.346681 0.364072 0.381078 0.40326 0.422189 0.434729 0.455936 0.480684 0.504829 0.519754 0.509854 0.504228 0.523316 0.529343 0.508256 0.489853 0.472986 0.448381 0.411303 0.3603 0.31538 0.277769 0.234904 0.18956 0.157298 0.144646 0.138748 0.130307 0.117081 0.0929987 0.068508 0.0560379 0.058576 0.0669237 0.0766694 0.0884657 0.104458 0.123112 0.131363 0.129892 
0.892302 0.896716 0.88909 0.847951 0.790857 0.723197 0.677496 0.663219 0.66399 0.64398 0.581822 0.505035 0.440324 0.40596 0.385151 0.345374 0.288421 0.253806 0.257168 0.27262 0.286746 0.303479 0.3247 0.340482 0.346628 0.359388 0.381783 0.406328 0.430449 0.429553 0.412446 0.417561 0.448131 0.492157 0.518321 0.503529 0.484684 0.485868 0.48926 0.480717 0.479761 0.476135 0.451944 0.414226 0.3619 0.309025 0.263964 0.217171 0.174951 0.151365 0.145115 0.137186 0.125675 0.115685 0.100381 0.0835074 0.0710613 0.0685856 0.0719766 0.0784546 0.0889046 0.103715 0.121315 0.126198 0.119794 
0.794517 0.800659 0.8035 0.803045 0.782794 0.720869 0.675896 0.683303 0.703899 0.664672 0.567727 0.490005 0.446308 0.416519 0.382682 0.331084 0.277232 0.249748 0.25954 0.277328 0.282799 0.286138 0.301505 0.31439 0.320305 0.34346 0.380958 0.413086 0.43095 0.414028 0.385465 0.384241 0.410925 0.455527 0.484174 0.473688 0.45419 0.447999 0.452154 0.457317 0.469422 0.466041 0.437881 0.405213 0.362918 0.312857 0.262695 0.20972 0.165317 0.145218 0.141375 0.131976 0.119838 0.112408 0.106089 0.10004 0.0885883 0.0778695 0.0765241 0.084885 0.097722 0.1078 0.118166 0.122217 0.120979 
0.683859 0.689937 0.69328 0.715407 0.73345 0.705086 0.681374 0.705719 0.730124 0.675701 0.5665 0.49495 0.466742 0.435221 0.387532 0.331869 0.290666 0.277739 0.295724 0.311575 0.303463 0.284214 0.27719 0.277007 0.28496 0.32324 0.376009 0.410622 0.418169 0.397095 0.369733 0.357232 0.36635 0.395028 0.416238 0.416671 0.415959 0.429678 0.453257 0.469538 0.474857 0.454127 0.415989 0.379518 0.344636 0.311817 0.276464 0.230984 0.187266 0.162704 0.15501 0.149114 0.139992 0.13067 0.125165 0.118314 0.101098 0.0843538 0.0829332 0.0955109 0.110601 0.118285 0.12177 0.126361 0.135513 
0.587236 0.578439 0.573573 0.609315 0.665335 0.683735 0.694469 0.725632 0.733964 0.667 0.56309 0.50143 0.482587 0.454681 0.406315 0.354579 0.322525 0.317643 0.333223 0.340949 0.325489 0.293444 0.264872 0.252246 0.267249 0.319271 0.382539 0.423482 0.433347 0.416597 0.384616 0.346846 0.326518 0.329479 0.344188 0.362085 0.383907 0.420257 0.463056 0.486066 0.481475 0.45137 0.41683 0.384332 0.356905 0.336825 0.311176 0.272466 0.229677 0.193363 0.178978 0.184189 0.181164 0.162903 0.150536 0.136693 0.113059 0.0948856 0.0964018 0.113076 0.128818 0.13629 0.136123 0.138649 0.149593 
0.516486 0.487676 0.475382 0.518149 0.595159 0.64941 0.68719 0.71027 0.693031 0.618059 0.533066 0.491956 0.486044 0.47314 0.437378 0.392086 0.362801 0.351355 0.348044 0.347197 0.337598 0.310333 0.277247 0.263756 0.281742 0.327619 0.381314 0.426551 0.453639 0.450557 0.416445 0.362833 0.320334 0.297413 0.297698 0.320218 0.357273 0.410537 0.462959 0.48506 0.48043 0.464845 0.455036 0.442595 0.424771 0.401453 0.362395 0.313298 0.265913 0.223341 0.208486 0.223568 0.225381 0.197868 0.175631 0.15872 0.136633 0.117964 0.120979 0.142379 0.157311 0.160487 0.156008 0.151503 0.152151 
0.455892 0.425996 0.415479 0.457401 0.539621 0.611364 0.647938 0.642536 0.605683 0.541717 0.487603 0.473031 0.480173 0.476709 0.446931 0.399962 0.366031 0.345333 0.333395 0.337694 0.341848 0.329127 0.312257 0.313048 0.328471 0.35204 0.382894 0.421669 0.450961 0.452174 0.429178 0.387042 0.342284 0.307548 0.291589 0.304024 0.350154 0.417864 0.470335 0.485142 0.485951 0.493308 0.512268 0.523533 0.509432 0.465974 0.406051 0.352382 0.306999 0.265902 0.244852 0.250355 0.253045 0.230185 0.204797 0.187286 0.169772 0.154749 0.1594 0.180279 0.190658 0.184913 0.169465 0.154759 0.146069 
0.400545 0.390026 0.393403 0.437723 0.523479 0.600248 0.617689 0.575272 0.518096 0.467785 0.442271 0.445601 0.453983 0.448082 0.416656 0.364625 0.325375 0.30621 0.301016 0.311003 0.326982 0.341004 0.355462 0.372278 0.382687 0.389266 0.403723 0.426995 0.441085 0.44007 0.432256 0.40546 0.36405 0.330462 0.311118 0.318722 0.374466 0.455899 0.504884 0.512122 0.511194 0.524058 0.554581 0.581932 0.570234 0.507781 0.433608 0.38538 0.353395 0.320752 0.285313 0.263949 0.261731 0.253665 0.232833 0.211808 0.196273 0.191132 0.198829 0.211879 0.215419 0.200606 0.175745 0.160979 0.157733 
0.364229 0.374228 0.396487 0.449158 0.534167 0.607479 0.615405 0.555026 0.481791 0.432746 0.419085 0.425352 0.422968 0.40817 0.375015 0.327163 0.291476 0.279276 0.279866 0.28677 0.302747 0.335939 0.377281 0.40528 0.416965 0.419574 0.422804 0.43188 0.443562 0.446585 0.436869 0.405022 0.36246 0.338675 0.337591 0.356691 0.417348 0.506386 0.563058 0.569929 0.551963 0.543747 0.565364 0.596363 0.588516 0.529051 0.458994 0.414153 0.392021 0.368972 0.322126 0.275953 0.262947 0.261645 0.245768 0.220973 0.204244 0.202156 0.208348 0.214291 0.216581 0.208714 0.197528 0.199197 0.209932 
0.36414 0.382195 0.419035 0.476856 0.549638 0.609923 0.623307 0.570962 0.49464 0.443191 0.42229 0.411591 0.396266 0.380025 0.347168 0.305409 0.279366 0.275602 0.277688 0.276191 0.2856 0.325437 0.378947 0.404126 0.406227 0.40822 0.413327 0.43081 0.460064 0.465022 0.435461 0.394733 0.358477 0.346411 0.366842 0.400656 0.456484 0.540773 0.611624 0.632973 0.605659 0.569321 0.561215 0.57527 0.572049 0.534314 0.481653 0.436199 0.40732 0.380089 0.330146 0.280368 0.261026 0.25196 0.231965 0.208054 0.195191 0.192565 0.196088 0.199866 0.20605 0.216951 0.235464 0.260658 0.283691 
0.403122 0.41648 0.447543 0.486628 0.534888 0.586138 0.614394 0.58185 0.516486 0.475208 0.453286 0.420841 0.384535 0.361459 0.331758 0.296188 0.278217 0.283786 0.293085 0.292324 0.298653 0.338734 0.393802 0.405973 0.385315 0.380202 0.398325 0.441337 0.487716 0.489473 0.446698 0.405773 0.381206 0.375083 0.395731 0.428641 0.479757 0.562784 0.647229 0.687345 0.665699 0.607113 0.557874 0.539027 0.534964 0.521072 0.488078 0.44477 0.405485 0.362754 0.309934 0.266791 0.242736 0.217745 0.189939 0.173412 0.174786 0.183663 0.192429 0.19661 0.205177 0.229401 0.266734 0.29875 0.319142 
0.464531 0.465221 0.470301 0.476213 0.503203 0.55572 0.595445 0.57844 0.529872 0.504399 0.496331 0.460049 0.403736 0.359626 0.325205 0.294621 0.279579 0.289389 0.309896 0.331509 0.351697 0.385209 0.43003 0.43837 0.411322 0.397015 0.420456 0.47953 0.529186 0.527934 0.487194 0.452245 0.437532 0.432241 0.436609 0.456772 0.503317 0.584267 0.667661 0.710961 0.695915 0.626258 0.548578 0.501002 0.491273 0.499952 0.489046 0.446597 0.400017 0.35336 0.302224 0.257524 0.22155 0.183831 0.155291 0.146213 0.157579 0.181235 0.202868 0.21083 0.222232 0.25645 0.299707 0.31948 0.319228 
0.511953 0.505049 0.487421 0.464916 0.470696 0.517204 0.566949 0.578528 0.560112 0.546164 0.541801 0.512634 0.453814 0.389679 0.335477 0.298983 0.286772 0.303614 0.332098 0.377141 0.425313 0.459227 0.495096 0.510127 0.494033 0.474622 0.488086 0.534481 0.564778 0.552774 0.517743 0.494824 0.491082 0.489782 0.483866 0.494922 0.53083 0.590866 0.651245 0.68079 0.670291 0.605474 0.52071 0.468723 0.462279 0.479186 0.47868 0.440762 0.396277 0.365874 0.330497 0.280512 0.226847 0.180741 0.155953 0.145575 0.150274 0.176849 0.211172 0.230158 0.24697 0.287132 0.331626 0.342211 0.327024 
0.517991 0.516167 0.497562 0.462089 0.441393 0.46449 0.518969 0.568735 0.59551 0.603235 0.595899 0.564758 0.507432 0.437851 0.371039 0.328118 0.321772 0.349672 0.384854 0.434969 0.496041 0.537718 0.572949 0.595287 0.596846 0.583336 0.576739 0.581338 0.574149 0.545523 0.514995 0.502898 0.502165 0.505619 0.501489 0.506565 0.533914 0.575057 0.609695 0.617358 0.607914 0.561784 0.484248 0.440144 0.440139 0.44867 0.447208 0.431903 0.412055 0.405621 0.385226 0.332309 0.265069 0.209067 0.183475 0.167238 0.158962 0.175883 0.206817 0.231075 0.254509 0.294479 0.333004 0.346442 0.340865 
0.517261 0.525084 0.516744 0.477683 0.438622 0.441461 0.492623 0.560418 0.613504 0.643171 0.644652 0.612053 0.554558 0.48456 0.416775 0.37755 0.380223 0.418453 0.45847 0.495846 0.544895 0.591063 0.630277 0.669526 0.700349 0.698261 0.668847 0.630975 0.588877 0.544512 0.514684 0.498373 0.480354 0.477705 0.481021 0.489895 0.516822 0.546523 0.557841 0.542175 0.530329 0.513677 0.462974 0.425462 0.417378 0.409712 0.410104 0.425053 0.438939 0.452021 0.437084 0.384536 0.313446 0.245387 0.207631 0.184339 0.171449 0.182513 0.2061 0.232388 0.262641 0.294832 0.317795 0.334158 0.348188 
0.549786 0.553227 0.549155 0.514179 0.470522 0.463066 0.506101 0.567101 0.616403 0.645891 0.649998 0.619932 0.570416 0.512335 0.462854 0.439189 0.448051 0.485288 0.518006 0.533059 0.561211 0.60872 0.654354 0.710531 0.764677 0.771746 0.730024 0.666144 0.601616 0.556282 0.535446 0.510119 0.468384 0.454353 0.473282 0.507705 0.541476 0.546742 0.515658 0.468936 0.45367 0.466445 0.450851 0.421305 0.409571 0.40104 0.40365 0.42578 0.452663 0.470311 0.456567 0.418668 0.362945 0.290506 0.234289 0.200113 0.187524 0.202226 0.229281 0.259413 0.290475 0.312058 0.320962 0.330757 0.345376 
0.603282 0.600093 0.5957 0.568393 0.523859 0.507924 0.545073 0.602178 0.642118 0.648097 0.621628 0.576418 0.537908 0.508038 0.49572 0.498336 0.511583 0.53544 0.551833 0.550831 0.561965 0.602464 0.651229 0.713619 0.780284 0.79768 0.751011 0.669348 0.603831 0.582793 0.584086 0.559989 0.509018 0.486791 0.515228 0.572756 0.608731 0.581268 0.504736 0.433256 0.41574 0.444128 0.451054 0.432277 0.43318 0.442419 0.447104 0.454097 0.468016 0.47598 0.464108 0.450811 0.42517 0.363749 0.29698 0.250702 0.228597 0.238704 0.265235 0.29121 0.319169 0.345985 0.35754 0.36023 0.360197 
0.650442 0.640185 0.623319 0.593378 0.552944 0.540094 0.577293 0.637745 0.672453 0.657343 0.600846 0.537328 0.502952 0.491801 0.505855 0.53691 0.554695 0.554918 0.555248 0.555287 0.560556 0.587476 0.632293 0.695926 0.771315 0.792868 0.734317 0.645234 0.598031 0.610595 0.639478 0.635394 0.594085 0.559772 0.57426 0.630591 0.660024 0.613704 0.521344 0.444121 0.425549 0.460721 0.482555 0.472745 0.478279 0.494917 0.502537 0.501215 0.4996 0.496617 0.494392 0.502787 0.502163 0.461652 0.396603 0.337332 0.293606 0.286565 0.302235 0.313057 0.333968 0.375768 0.405956 0.415367 0.412421 
0.688644 0.653569 0.610323 0.576172 0.550399 0.551757 0.589972 0.647881 0.675833 0.647992 0.586282 0.52641 0.498337 0.49292 0.510932 0.550471 0.567972 0.558863 0.555111 0.553025 0.547542 0.562787 0.601371 0.654537 0.717488 0.731246 0.672193 0.599443 0.575176 0.610039 0.666821 0.701414 0.681901 0.629974 0.609403 0.64058 0.658136 0.615943 0.540369 0.477318 0.45673 0.482777 0.510228 0.508029 0.505587 0.510796 0.514214 0.513866 0.508101 0.49836 0.501652 0.523797 0.542903 0.529317 0.480459 0.415857 0.353747 0.322698 0.316672 0.314788 0.334043 0.387612 0.438356 0.462788 0.471893 
0.74227 0.679938 0.614063 0.583601 0.578503 0.58882 0.61138 0.645521 0.666574 0.642712 0.595318 0.5543 0.531107 0.511787 0.508069 0.530671 0.54802 0.555834 0.561158 0.544894 0.517812 0.521718 0.555345 0.593532 0.628289 0.630938 0.587362 0.537867 0.524309 0.558403 0.62693 0.695485 0.71084 0.670645 0.625056 0.619247 0.624267 0.602472 0.552695 0.504007 0.476449 0.479016 0.496879 0.502983 0.505698 0.51368 0.515051 0.509589 0.498877 0.480966 0.477211 0.50068 0.527741 0.528747 0.496881 0.439852 0.376073 0.327768 0.29716 0.287144 0.311853 0.374678 0.442396 0.476516 0.486809 
0.827345 0.757132 0.683895 0.651183 0.643973 0.640209 0.633275 0.637082 0.65965 0.663203 0.64067 0.610508 0.583235 0.542735 0.503897 0.499395 0.519793 0.543273 0.544823 0.509418 0.469302 0.470061 0.501204 0.529961 0.546849 0.546669 0.520698 0.48309 0.465194 0.488338 0.552894 0.626884 0.668933 0.668917 0.637776 0.617658 0.612038 0.597384 0.563819 0.525571 0.490227 0.471612 0.472193 0.486937 0.506008 0.524311 0.526931 0.513516 0.496345 0.473257 0.455135 0.46143 0.479194 0.484058 0.461585 0.415226 0.364134 0.319073 0.279753 0.261164 0.281195 0.341995 0.417608 0.455859 0.459436 
0.892193 0.839029 0.775769 0.729646 0.692625 0.659209 0.634418 0.624563 0.648587 0.680252 0.68355 0.655386 0.619672 0.566851 0.49961 0.473558 0.497096 0.518952 0.500923 0.458266 0.425303 0.428368 0.455046 0.477848 0.491916 0.493168 0.471794 0.436459 0.420687 0.44575 0.507525 0.56541 0.60098 0.624099 0.627007 0.626775 0.624593 0.61066 0.584549 0.546837 0.5037 0.477785 0.47095 0.492171 0.511308 0.508765 0.497558 0.487513 0.478486 0.454621 0.420083 0.403974 0.411063 0.423164 0.413046 0.380725 0.349546 0.324505 0.294718 0.268755 0.271415 0.315843 0.385766 0.428719 0.437327 
0.881727 0.858446 0.818592 0.76019 0.688182 0.62723 0.596479 0.590599 0.61833 0.671052 0.700678 0.678655 0.637453 0.576306 0.493981 0.456955 0.477639 0.491082 0.464674 0.430821 0.405042 0.399624 0.418848 0.442443 0.460061 0.458632 0.434792 0.400334 0.391481 0.426697 0.490844 0.536926 0.547363 0.55085 0.562463 0.591389 0.613773 0.617306 0.605351 0.565973 0.520877 0.500555 0.500331 0.521441 0.52011 0.482017 0.448923 0.441465 0.442298 0.419549 0.376541 0.35009 0.352967 0.370481 0.372664 0.351465 0.33533 0.335813 0.328106 0.303573 0.290949 0.31333 0.365763 0.404593 0.41665 
0.832156 0.816554 0.786911 0.727691 0.641959 0.565271 0.528402 0.533171 0.570158 0.633114 0.680174 0.672158 0.638497 0.582635 0.505909 0.463162 0.468187 0.470975 0.450994 0.427389 0.40083 0.390008 0.405759 0.421213 0.426833 0.420817 0.405869 0.381774 0.376246 0.410751 0.465824 0.503372 0.501063 0.482515 0.488206 0.533322 0.579664 0.607098 0.615926 0.586384 0.543362 0.526481 0.534658 0.545944 0.520806 0.466658 0.423223 0.411391 0.409245 0.385853 0.345402 0.32107 0.326285 0.348275 0.359915 0.349665 0.344883 0.354773 0.352952 0.335132 0.323642 0.330214 0.356279 0.375766 0.380895 
0.777379 0.742231 0.699967 0.646479 0.577404 0.508145 0.468327 0.476928 0.519015 0.586586 0.653569 0.667105 0.639841 0.596349 0.535846 0.478179 0.451691 0.44729 0.444057 0.42805 0.399307 0.388996 0.4032 0.406293 0.393685 0.382506 0.377113 0.366771 0.364768 0.389813 0.427041 0.45584 0.456838 0.438884 0.445969 0.494143 0.549346 0.592827 0.618748 0.602368 0.557338 0.532805 0.535186 0.532141 0.499639 0.449864 0.408682 0.392176 0.37986 0.362805 0.344945 0.331225 0.331853 0.34614 0.358971 0.365054 0.373976 0.375686 0.362579 0.353234 0.354311 0.356382 0.359925 0.36319 0.365845 
0.703536 0.657433 0.600516 0.549065 0.506382 0.458421 0.419882 0.426088 0.475326 0.555928 0.64396 0.67312 0.639633 0.597859 0.544908 0.465827 0.40275 0.391785 0.407679 0.411888 0.398811 0.391476 0.402955 0.40892 0.395144 0.381166 0.374252 0.36195 0.353201 0.361567 0.37831 0.400182 0.407619 0.402916 0.415805 0.459772 0.521286 0.578486 0.610303 0.598382 0.551862 0.513244 0.499082 0.493482 0.472911 0.430819 0.389223 0.367777 0.353078 0.352512 0.363871 0.366633 0.365493 0.365563 0.367707 0.377304 0.391924 0.394201 0.387907 0.389111 0.390966 0.386523 0.378624 0.378868 0.388939 
0.609108 0.570803 0.527427 0.494647 0.468428 0.430856 0.401004 0.410593 0.460061 0.535695 0.618056 0.650599 0.618561 0.574731 0.516146 0.425171 0.346367 0.331566 0.354988 0.375491 0.381863 0.381607 0.392701 0.411518 0.415295 0.410647 0.40065 0.374974 0.347716 0.333304 0.331392 0.344593 0.357868 0.370134 0.385066 0.416709 0.476344 0.539857 0.572736 0.563714 0.522274 0.4777 0.461316 0.4737 0.473912 0.431646 0.37837 0.347347 0.335051 0.343628 0.362884 0.376356 0.381652 0.37798 0.375876 0.38079 0.390653 0.400442 0.417768 0.435182 0.432773 0.413589 0.392501 0.391595 0.408447 
0.535189 0.511499 0.500612 0.498625 0.480712 0.445244 0.426669 0.43685 0.466623 0.513062 0.570304 0.59638 0.575184 0.541491 0.480458 0.388678 0.315689 0.30435 0.325455 0.339382 0.345087 0.354714 0.370868 0.395107 0.417884 0.430894 0.418704 0.384312 0.347184 0.320824 0.308932 0.310252 0.324146 0.349144 0.366298 0.386753 0.432597 0.487448 0.517146 0.510437 0.481988 0.450699 0.441982 0.463539 0.47401 0.43122 0.367174 0.325122 0.312403 0.320503 0.334993 0.351651 0.358018 0.353758 0.360953 0.37683 0.38284 0.38277 0.407757 0.44323 0.447195 0.415986 0.382377 0.380513 0.399609 
0.489053 0.479274 0.483815 0.493439 0.481748 0.459205 0.456075 0.466768 0.482906 0.516852 0.555666 0.559254 0.534977 0.514695 0.461276 0.375753 0.314387 0.304354 0.314477 0.311547 0.305179 0.317901 0.340085 0.366554 0.397425 0.420198 0.409071 0.378255 0.350586 0.32892 0.306871 0.28648 0.289652 0.321641 0.34696 0.364117 0.394983 0.438025 0.464224 0.459895 0.449964 0.443364 0.441081 0.448925 0.442584 0.395866 0.333478 0.28867 0.275396 0.285592 0.30358 0.320027 0.317368 0.30882 0.325201 0.357586 0.365045 0.348871 0.362279 0.4018 0.411977 0.379751 0.343428 0.335773 0.348235 
0.445702 0.443984 0.442943 0.443736 0.434967 0.433888 0.457025 0.492597 0.527562 0.566504 0.588054 0.564833 0.526871 0.500037 0.449791 0.378949 0.333403 0.320074 0.311316 0.293334 0.276141 0.286392 0.31725 0.353337 0.3833 0.39374 0.381493 0.366638 0.355 0.335577 0.299395 0.259624 0.248172 0.271274 0.298114 0.32204 0.351073 0.386682 0.417113 0.434362 0.44857 0.452329 0.446405 0.438964 0.413563 0.364693 0.309592 0.267577 0.250345 0.252884 0.266192 0.275774 0.264729 0.256774 0.281011 0.322718 0.33092 0.310563 0.316395 0.347677 0.352556 0.322106 0.291137 0.281703 0.28651 
0.389734 0.392234 0.386516 0.382952 0.383029 0.403482 0.4523 0.517619 0.579485 0.619231 0.625146 0.593466 0.544692 0.48986 0.433826 0.385862 0.359695 0.345756 0.324956 0.301502 0.284347 0.291998 0.322 0.362577 0.389989 0.381473 0.360583 0.354441 0.350158 0.327805 0.286129 0.242139 0.218256 0.222139 0.244593 0.277458 0.311212 0.34488 0.387656 0.437232 0.475487 0.4771 0.464004 0.452507 0.422705 0.377375 0.322317 0.274798 0.245239 0.228771 0.226392 0.227466 0.218305 0.218736 0.246521 0.284965 0.291179 0.277888 0.285202 0.303072 0.298164 0.269987 0.250162 0.255593 0.267491 
0.338821 0.33994 0.332191 0.334651 0.352006 0.392972 0.457725 0.530039 0.593399 0.627273 0.632221 0.608889 0.553319 0.470351 0.406859 0.383255 0.379697 0.376077 0.357326 0.33529 0.327324 0.338138 0.360049 0.387889 0.404822 0.391663 0.367455 0.356529 0.345511 0.317962 0.278854 0.236544 0.203148 0.192074 0.20919 0.24756 0.291801 0.332215 0.382272 0.443279 0.489084 0.493651 0.483175 0.474295 0.448233 0.40684 0.347683 0.289965 0.247831 0.2186 0.20686 0.202161 0.198399 0.205698 0.227475 0.254187 0.261546 0.258051 0.263494 0.266725 0.261 0.244784 0.2439 0.269479 0.292197 
0.323206 0.314515 0.302618 0.311564 0.335926 0.380024 0.449694 0.522847 0.571292 0.584654 0.584194 0.568893 0.516526 0.430685 0.371286 0.364104 0.380612 0.400275 0.401482 0.386438 0.380849 0.392297 0.405661 0.412009 0.414548 0.412149 0.395488 0.36738 0.32984 0.290987 0.254708 0.215759 0.183618 0.171322 0.185959 0.226763 0.285335 0.337546 0.382715 0.434199 0.47912 0.495877 0.495784 0.481764 0.447531 0.404123 0.34771 0.292266 0.252709 0.222995 0.208448 0.201162 0.19841 0.204678 0.214423 0.224138 0.23097 0.23538 0.236355 0.230022 0.232168 0.239964 0.261155 0.294406 0.316063 
0.327714 0.308992 0.296876 0.314858 0.340341 0.374496 0.440268 0.516038 0.55353 0.543474 0.525239 0.504895 0.458039 0.387319 0.344652 0.35159 0.380214 0.415021 0.43935 0.438881 0.42788 0.424882 0.422278 0.413284 0.410267 0.419802 0.409922 0.36401 0.300045 0.251048 0.215679 0.181643 0.158367 0.155328 0.172108 0.209107 0.272201 0.337867 0.383045 0.42173 0.462428 0.488813 0.496628 0.468791 0.415156 0.369667 0.324523 0.279715 0.252346 0.231859 0.216863 0.20681 0.200684 0.20395 0.203759 0.193526 0.191972 0.199905 0.198621 0.189026 0.197628 0.228058 0.268953 0.303485 0.319028 
0.328525 0.308594 0.302112 0.328116 0.353622 0.380341 0.437932 0.508057 0.543016 0.528801 0.502341 0.473945 0.426098 0.366542 0.340445 0.360878 0.393713 0.431046 0.471328 0.481135 0.460154 0.438838 0.418948 0.400094 0.398418 0.415884 0.410079 0.358834 0.283463 0.227116 0.189145 0.157701 0.13872 0.142883 0.162462 0.194579 0.25716 0.336064 0.389636 0.419161 0.451629 0.479906 0.489979 0.45102 0.384566 0.343069 0.306065 0.263871 0.244589 0.239179 0.230243 0.216898 0.20514 0.207127 0.199949 0.173733 0.162144 0.166919 0.162237 0.153298 0.166194 0.207713 0.259024 0.297117 0.315086 
