terrain
33 33
0.501187 0.531372 0.548704 0.462377 0.305678 0.187364 0.129432 0.0786218 0.030727 0.00548137 0.00102538 0.00603837 0.0140579 0.00314349 0 0.00511461 0.0561116 0.149148 0.241439 0.332001 0.414671 0.406021 0.323856 0.254291 0.240471 0.269868 0.309673 0.403029 0.585982 0.756178 0.810624 0.76043 0.642098 
0.466206 0.502764 0.505696 0.409013 0.266845 0.169668 0.12124 0.0791003 0.0357924 0.0092587 0.00555569 0.016538 0.026057 0.00959145 0.00148448 0.0129145 0.0856383 0.203718 0.303893 0.385994 0.461317 0.46597 0.399322 0.315288 0.26494 0.270385 0.309419 0.405397 0.578425 0.747278 0.807501 0.760001 0.652138 
0.416025 0.473224 0.460247 0.347903 0.226771 0.159434 0.117947 0.0793445 0.0428253 0.0189318 0.018461 0.0318382 0.0367276 0.019221 0.00998087 0.0315186 0.114816 0.2406 0.359721 0.445891 0.504015 0.527811 0.499335 0.409631 0.309063 0.277472 0.317555 0.411026 0.543259 0.678473 0.723482 0.687411 0.623654 
0.405496 0.45614 0.417887 0.297206 0.210485 0.176721 0.141751 0.100438 0.0623148 0.0400873 0.0402273 0.043637 0.0399505 0.0305163 0.0337925 0.0696619 0.139291 0.242446 0.37142 0.468786 0.511269 0.54761 0.556862 0.490472 0.376403 0.304973 0.311025 0.376115 0.456188 0.518884 0.523828 0.503712 0.492679 
0.412642 0.429353 0.378654 0.272804 0.218401 0.207243 0.168182 0.116769 0.0754734 0.0552812 0.0522563 0.0493775 0.050429 0.0610756 0.0873293 0.127697 0.167598 0.235755 0.35629 0.472111 0.519004 0.546707 0.556385 0.528334 0.456264 0.358291 0.298662 0.315875 0.360158 0.367526 0.350393 0.338842 0.339445 
0.413699 0.403836 0.364035 0.296706 0.249032 0.215441 0.1528 0.0963914 0.0620685 0.047734 0.0478969 0.0552584 0.0722008 0.104461 0.13862 0.155469 0.16412 0.203439 0.317336 0.469152 0.547558 0.562975 0.552308 0.522532 0.469838 0.369528 0.272623 0.255654 0.287723 0.288868 0.266663 0.249348 0.235969 
0.491211 0.471669 0.444141 0.397362 0.316044 0.227271 0.146156 0.091007 0.0550159 0.0376112 0.0365181 0.0500799 0.077941 0.117646 0.143811 0.145654 0.156414 0.200466 0.305085 0.444029 0.519028 0.52225 0.509706 0.468464 0.409886 0.331509 0.247338 0.217563 0.243569 0.260133 0.245286 0.231681 0.215495 
0.66434 0.63015 0.603103 0.531909 0.395837 0.269086 0.192879 0.142556 0.086678 0.0463571 0.0347141 0.0472675 0.0787948 0.116272 0.142347 0.1604 0.210874 0.28895 0.363085 0.416816 0.422666 0.40802 0.415725 0.40162 0.365576 0.319377 0.258954 0.222207 0.234025 0.259458 0.264304 0.270305 0.263921 
0.794656 0.744529 0.703272 0.613938 0.474034 0.346013 0.280109 0.236317 0.16401 0.0933905 0.0646333 0.0703049 0.092804 0.12378 0.165936 0.223196 0.329317 0.437806 0.459548 0.411558 0.332105 0.293839 0.316187 0.344454 0.362006 0.364801 0.338674 0.29782 0.285673 0.311597 0.33373 0.342656 0.330443 
0.79312 0.75143 0.690079 0.602071 0.506713 0.413106 0.353963 0.315036 0.259105 0.183823 0.136464 0.118064 0.11681 0.148462 0.222613 0.319975 0.442853 0.511442 0.456929 0.363475 0.275866 0.239093 0.261806 0.321926 0.405159 0.464817 0.467066 0.430287 0.40754 0.415854 0.411659 0.372551 0.329713 
0.714566 0.700797 0.639675 0.541971 0.471533 0.42596 0.392032 0.360952 0.331457 0.28499 0.236372 0.185816 0.157912 0.196523 0.309052 0.446261 0.553243 0.520906 0.38801 0.304898 0.266812 0.251371 0.271131 0.330928 0.427116 0.499914 0.514402 0.517679 0.524587 0.492653 0.428527 0.339859 0.278243 
0.671513 0.667911 0.612271 0.498464 0.429251 0.41602 0.40311 0.366186 0.346546 0.348202 0.330739 0.269905 0.223561 0.262194 0.39917 0.561675 0.6291 0.505892 0.350497 0.298877 0.296896 0.300426 0.326861 0.357032 0.383797 0.405965 0.430122 0.489503 0.548101 0.512393 0.42687 0.328297 0.260365 
0.676914 0.671761 0.606097 0.477879 0.401708 0.387241 0.37253 0.343357 0.345384 0.387831 0.411524 0.366979 0.309938 0.338084 0.463286 0.588973 0.603968 0.469203 0.352713 0.334602 0.352092 0.375014 0.398912 0.366393 0.303803 0.285605 0.32339 0.406074 0.490835 0.487385 0.429355 0.362437 0.315969 
0.663046 0.659724 0.582596 0.447466 0.359832 0.322053 0.29933 0.297778 0.329679 0.387311 0.433718 0.426343 0.38944 0.406314 0.485686 0.544671 0.53956 0.462656 0.409126 0.408546 0.426919 0.456362 0.451948 0.367286 0.276496 0.258939 0.301816 0.367073 0.433037 0.44661 0.417834 0.394387 0.404239 
0.602904 0.583556 0.510923 0.395023 0.306829 0.259191 0.233864 0.238564 0.280234 0.34532 0.402689 0.430395 0.436565 0.459464 0.505767 0.538177 0.54827 0.522299 0.496594 0.460169 0.431204 0.455085 0.472836 0.422943 0.367539 0.360573 0.377761 0.390656 0.435936 0.481814 0.46935 0.447517 0.476924 
0.546246 0.470059 0.391304 0.319664 0.265629 0.218992 0.175973 0.160938 0.194665 0.263901 0.337879 0.411157 0.477429 0.526292 0.564108 0.606815 0.629839 0.60167 0.550982 0.456831 0.365851 0.362836 0.444298 0.522181 0.547432 0.529815 0.486533 0.451192 0.506849 0.612617 0.624388 0.570941 0.561668 
0.513525 0.402938 0.307847 0.257405 0.24273 0.201275 0.138887 0.113113 0.135495 0.184593 0.254491 0.357499 0.470751 0.566218 0.638628 0.701724 0.704205 0.616491 0.515435 0.402254 0.295887 0.268521 0.368863 0.538378 0.627464 0.606458 0.55215 0.523347 0.593893 0.729914 0.767879 0.706714 0.660928 
0.483271 0.392281 0.293875 0.233675 0.230672 0.204801 0.149608 0.130553 0.141217 0.14654 0.177251 0.273934 0.391871 0.506043 0.628076 0.727994 0.728489 0.598879 0.448031 0.327939 0.238482 0.214078 0.300861 0.471475 0.579033 0.588761 0.571636 0.556639 0.602019 0.72475 0.796287 0.77176 0.723655 
0.446948 0.383835 0.299649 0.232926 0.227342 0.214329 0.1688 0.152952 0.152906 0.124345 0.110496 0.164704 0.254818 0.355968 0.489393 0.620772 0.661657 0.566924 0.414965 0.285363 0.201173 0.18771 0.262406 0.406266 0.527313 0.565484 0.551614 0.535065 0.576031 0.705989 0.814616 0.817528 0.768211 
0.430194 0.381929 0.319671 0.262118 0.248849 0.216468 0.150234 0.122509 0.117259 0.0855157 0.0527664 0.0634701 0.112252 0.187005 0.287699 0.402319 0.468469 0.441172 0.350429 0.248382 0.180214 0.17504 0.236445 0.355292 0.491022 0.554408 0.535926 0.533455 0.619771 0.78889 0.909534 0.892995 0.826408 
0.421892 0.401864 0.366703 0.321585 0.292569 0.223619 0.127896 0.0814598 0.0701295 0.0485113 0.0219562 0.0211449 0.0476374 0.0970729 0.160457 0.235015 0.283141 0.279906 0.248187 0.209297 0.184806 0.192086 0.232477 0.319153 0.443362 0.529986 0.54384 0.572808 0.70874 0.905286 1 0.951295 0.895956 
0.434521 0.453322 0.453941 0.409528 0.345074 0.246402 0.138802 0.0731332 0.0485248 0.0321389 0.0158174 0.013812 0.0307897 0.0700664 0.125048 0.182125 0.21233 0.211042 0.198845 0.189335 0.193737 0.222733 0.245893 0.27891 0.350663 0.439849 0.507639 0.573379 0.702128 0.860402 0.941401 0.919607 0.908265 
0.526951 0.567189 0.587481 0.517038 0.403244 0.283299 0.178302 0.101079 0.0580496 0.0358664 0.0250836 0.0199663 0.0257184 0.0553731 0.109829 0.169147 0.206106 0.21281 0.195202 0.176732 0.185868 0.233908 0.251931 0.230595 0.239326 0.311835 0.415691 0.505123 0.58312 0.647172 0.708978 0.740283 0.775449 
0.673591 0.70846 0.731685 0.640068 0.479305 0.324988 0.210848 0.138943 0.0883728 0.052393 0.037952 0.030094 0.0293163 0.0484421 0.0833352 0.126084 0.162492 0.176667 0.160675 0.138422 0.152429 0.212153 0.236025 0.198538 0.184506 0.242619 0.327229 0.364732 0.370892 0.377613 0.42788 0.49051 0.558849 
0.797092 0.824864 0.849092 0.75164 0.556424 0.373184 0.232483 0.147319 0.0935657 0.0521449 0.0340663 0.0301718 0.0327992 0.0457463 0.058843 0.0770185 0.100723 0.108315 0.0934629 0.0815441 0.10624 0.169667 0.193438 0.165291 0.161345 0.212498 0.256168 0.2235 0.178028 0.173336 0.225746 0.30135 0.378136 
0.861147 0.870351 0.870313 0.774491 0.608063 0.442132 0.269148 0.134421 0.0636822 0.0306785 0.0199346 0.0205515 0.026509 0.0354433 0.0365722 0.0451175 0.0676296 0.0697108 0.0496437 0.0446274 0.0732726 0.123614 0.134561 0.11443 0.12115 0.17132 0.210535 0.166919 0.107731 0.0982255 0.146674 0.227166 0.304764 
0.890054 0.859135 0.798092 0.701879 0.620873 0.51656 0.321043 0.134304 0.0490816 0.0241413 0.0195796 0.0215524 0.0265594 0.0304848 0.0291367 0.0350939 0.0506186 0.0482329 0.0333895 0.0345328 0.0582271 0.0861578 0.0862068 0.0778579 0.0953982 0.149093 0.202791 0.175874 0.116403 0.100942 0.143561 0.221215 0.292902 
0.845274 0.80512 0.701204 0.604701 0.574421 0.507173 0.323354 0.143564 0.0610003 0.0383944 0.0373072 0.041293 0.0438597 0.0396429 0.036975 0.0382405 0.0390816 0.0304912 0.0236395 0.0283425 0.0432471 0.062608 0.0703193 0.0809881 0.11816 0.176011 0.217508 0.189631 0.140763 0.132806 0.174248 0.231459 0.277569 
0.746383 0.723594 0.617969 0.510629 0.471392 0.419325 0.283982 0.154912 0.0843422 0.0567475 0.0584112 0.0703121 0.0742352 0.0601611 0.046372 0.0369748 0.0320078 0.0253319 0.0214414 0.0226122 0.0302138 0.051504 0.0786607 0.120002 0.182579 0.225289 0.224119 0.188357 0.158825 0.170066 0.215057 0.258381 0.287919 
0.674219 0.649199 0.546462 0.420623 0.36683 0.353497 0.278233 0.179096 0.107196 0.0679836 0.0693801 0.0907412 0.104324 0.0902216 0.0596012 0.0365645 0.0330633 0.0403009 0.0453942 0.0383535 0.0350167 0.0565313 0.104099 0.182263 0.255711 0.249933 0.206832 0.18446 0.191091 0.226702 0.27341 0.316375 0.345553 
0.555133 0.524971 0.438286 0.338796 0.308177 0.34516 0.321081 0.228956 0.14493 0.0875031 0.0729695 0.0888505 0.112913 0.113554 0.0794015 0.0487576 0.0480035 0.0752137 0.102004 0.0896122 0.0679867 0.0809281 0.137983 0.245796 0.317738 0.264279 0.198516 0.188875 0.217037 0.256467 0.296334 0.340549 0.378274 
0.43109 0.389278 0.315479 0.25971 0.270263 0.353948 0.387034 0.322446 0.229112 0.138698 0.0947868 0.101093 0.123193 0.122189 0.0913744 0.0610798 0.0617561 0.105414 0.156486 0.154902 0.124003 0.116443 0.15862 0.269186 0.344603 0.275684 0.193637 0.169939 0.18899 0.215673 0.244515 0.289943 0.34309 
0.372106 0.311742 0.247683 0.219662 0.253528 0.363179 0.443529 0.412607 0.310113 0.192711 0.132446 0.136413 0.141338 0.113423 0.0783096 0.0552166 0.0625792 0.118853 0.185473 0.205072 0.183226 0.15357 0.163404 0.251252 0.332638 0.271946 0.179137 0.142637 0.158834 0.181261 0.200318 0.244218 0.313666 
