terrain
65 65
0.263305 0.283565 0.315741 0.357447 0.377748 0.365577 0.348532 0.352197 0.377158 0.387354 0.404474 0.43095 0.446 0.435317 0.381231 0.312521 0.262718 0.221463 0.176456 0.135662 0.126408 0.139638 0.132321 0.100267 0.0661719 0.0395761 0.0214415 0.0161193 0.0247233 0.0403434 0.0464008 0.0349591 0.0161652 0.00562428 0.00455474 0.0112681 0.0221932 0.0187935 0.0105653 0.0130309 0.0290375 0.0503287 0.0702244 0.101138 0.129634 0.122202 0.0888755 0.0615841 0.0519176 0.0582909 0.0693152 0.0687559 0.0567557 0.05085 0.0481761 0.0439071 0.0452971 0.0537768 0.0515177 0.0400524 0.0416006 0.0678415 0.108537 0.148356 0.185634 
0.237486 0.250173 0.274004 0.29877 0.296892 0.282114 0.282892 0.301948 0.325894 0.337273 0.363273 0.402847 0.41819 0.392671 0.326128 0.250667 0.199342 0.165754 0.13927 0.121076 0.12095 0.13455 0.129469 0.0998965 0.0662192 0.0388305 0.0212063 0.0178198 0.0302377 0.0449407 0.044926 0.0321698 0.0170871 0.0093872 0.00877109 0.0152186 0.0249438 0.021104 0.0129268 0.0153142 0.0313165 0.0495911 0.0613358 0.0834816 0.106521 0.103327 0.0773394 0.0506371 0.0396302 0.0448781 0.0546989 0.0573665 0.0498352 0.0470222 0.0505861 0.053633 0.0550265 0.0565531 0.0514518 0.0432545 0.044662 0.0692239 0.110307 0.145671 0.172017 
0.214558 0.217401 0.234506 0.251511 0.239981 0.224889 0.230878 0.250015 0.263753 0.27308 0.297711 0.332482 0.342488 0.309384 0.243446 0.173888 0.127506 0.104996 0.0988031 0.103483 0.114948 0.126838 0.116117 0.0850297 0.0543615 0.0299687 0.0159388 0.0158604 0.0304929 0.04462 0.0439468 0.0359664 0.0275698 0.0225655 0.0202705 0.0228755 0.0301093 0.0280889 0.0204297 0.0210066 0.0342287 0.0502067 0.0599021 0.0753379 0.0868843 0.0831241 0.0677795 0.0466681 0.034226 0.0362899 0.0468956 0.0546019 0.0502872 0.0494916 0.0583271 0.0698726 0.0712904 0.0623375 0.0493414 0.0415803 0.0423499 0.0615808 0.0938655 0.120632 0.139269 
0.206945 0.206443 0.221058 0.236285 0.2275 0.212738 0.208038 0.208186 0.201133 0.201259 0.216501 0.240537 0.247608 0.218035 0.172799 0.129972 0.0974919 0.0801012 0.0780545 0.0893327 0.103857 0.108604 0.0909386 0.0633095 0.0413573 0.023865 0.0141115 0.0162568 0.030345 0.044559 0.0500635 0.0537492 0.0576707 0.0551033 0.0451284 0.0370698 0.0366184 0.0352644 0.0305242 0.0286951 0.0368895 0.0557534 0.0747383 0.0881109 0.0902395 0.0836521 0.0726739 0.0559493 0.0432871 0.0436652 0.0547473 0.0625266 0.0581465 0.0568471 0.0644481 0.0789041 0.0843005 0.0751634 0.0572508 0.042326 0.0356381 0.0448317 0.0643762 0.0838589 0.100186 
0.201018 0.199218 0.20961 0.225333 0.226214 0.214611 0.198181 0.175367 0.145805 0.135847 0.150955 0.177559 0.183407 0.155165 0.131013 0.121896 0.111666 0.0944588 0.0805288 0.0791761 0.0833186 0.0801811 0.0649545 0.0506178 0.0417448 0.0320288 0.0263891 0.0323802 0.0478664 0.0623714 0.0737697 0.085812 0.0980384 0.0961275 0.0761842 0.0559004 0.0469569 0.0451701 0.0436993 0.040784 0.0438909 0.0676478 0.102509 0.115441 0.108992 0.100926 0.0934025 0.0807889 0.068627 0.0697886 0.0801618 0.0790087 0.067081 0.0600732 0.060711 0.074547 0.0895042 0.0910736 0.0748522 0.0507879 0.0344945 0.0357329 0.04905 0.0675938 0.0841466 
0.189644 0.183071 0.187468 0.207155 0.22211 0.213731 0.189401 0.155883 0.11696 0.102072 0.118798 0.147634 0.148735 0.118918 0.107054 0.122067 0.135399 0.120296 0.0905452 0.0692589 0.0593464 0.0522041 0.0450155 0.0470813 0.0540614 0.054644 0.0582605 0.0729222 0.0869369 0.0965243 0.107192 0.112475 0.118032 0.117043 0.0982306 0.076234 0.0674594 0.0684127 0.066905 0.0614742 0.0599177 0.0835736 0.127505 0.14101 0.125436 0.113685 0.113862 0.114755 0.109727 0.109876 0.110907 0.0937427 0.0707851 0.0594605 0.0548882 0.06358 0.0818439 0.0916636 0.0797548 0.0541924 0.0365403 0.0359465 0.0472678 0.0656751 0.0823288 
0.165666 0.163569 0.167594 0.183856 0.20344 0.198482 0.170023 0.136323 0.105742 0.0929031 0.100372 0.114851 0.109543 0.0889815 0.0896538 0.113195 0.133752 0.119423 0.0827439 0.0523157 0.0357888 0.0265714 0.0253047 0.039951 0.0620857 0.0772665 0.0943411 0.116524 0.128829 0.137614 0.145151 0.140547 0.136866 0.132888 0.119598 0.10337 0.0975087 0.0991072 0.0957485 0.0915817 0.0901169 0.104457 0.13991 0.158038 0.145247 0.127211 0.126312 0.139306 0.146922 0.141309 0.126182 0.099678 0.0767361 0.0691765 0.0626551 0.0599513 0.0662355 0.0730217 0.069829 0.055392 0.0431911 0.0411095 0.0462074 0.0588597 0.0746806 
0.131293 0.13444 0.136227 0.142053 0.158641 0.160949 0.135404 0.106041 0.0908767 0.084806 0.0784449 0.0718152 0.0652249 0.062992 0.0755637 0.0945167 0.103837 0.0850096 0.0528265 0.0284707 0.0158251 0.00913164 0.0102778 0.0262781 0.0536469 0.0804555 0.106522 0.135161 0.164101 0.18959 0.196423 0.18678 0.175494 0.159157 0.141801 0.128449 0.125821 0.129873 0.129612 0.133702 0.13609 0.132519 0.145037 0.163989 0.162795 0.142762 0.135342 0.153895 0.172196 0.160765 0.133804 0.106914 0.0914791 0.0910554 0.0857743 0.0709793 0.0595884 0.056845 0.0625934 0.069036 0.0674832 0.0588317 0.0508833 0.0552618 0.067868 
0.0895953 0.0898428 0.0877352 0.0884955 0.101671 0.109087 0.0939684 0.0779716 0.0741549 0.0686245 0.0545976 0.0417652 0.0399981 0.0490624 0.0649553 0.0753285 0.072794 0.0516942 0.0278058 0.0127122 0.00526644 0.00184806 0.00280112 0.0126892 0.0351144 0.0656405 0.0991362 0.136779 0.188461 0.237829 0.248372 0.232426 0.213538 0.184811 0.156219 0.139544 0.142673 0.157468 0.167588 0.180309 0.184054 0.166748 0.160888 0.1723 0.175929 0.16068 0.151016 0.168794 0.192332 0.186605 0.159805 0.132497 0.115853 0.112888 0.104782 0.0805285 0.0580624 0.0509228 0.0612879 0.084989 0.0966335 0.080632 0.0610925 0.0616132 0.0727885 
0.0485629 0.0480374 0.0478187 0.0492378 0.0571335 0.064303 0.0628841 0.0621262 0.0627204 0.0549759 0.0428289 0.0358816 0.039263 0.0503997 0.0637186 0.0696116 0.0628054 0.0421073 0.0212811 0.00918198 0.00286302 0.000409097 0.000513292 0.00394078 0.0168606 0.0449084 0.0879909 0.139234 0.20347 0.265602 0.278838 0.254928 0.236131 0.212594 0.179103 0.152767 0.151405 0.169344 0.186759 0.205356 0.21216 0.196075 0.188341 0.194476 0.192339 0.174923 0.15927 0.165103 0.188247 0.207664 0.207126 0.182391 0.148986 0.128941 0.114401 0.0897955 0.0652114 0.0545794 0.0611761 0.0852541 0.100258 0.0845579 0.0643705 0.0624512 0.0690822 
0.020086 0.018622 0.0208579 0.0266671 0.0345118 0.0440327 0.0540466 0.0629716 0.0631577 0.0527334 0.0440164 0.0441888 0.0499346 0.0576214 0.0691553 0.0751523 0.0684709 0.0502843 0.0300109 0.015031 0.00508653 0.00115674 0.00080313 0.00240193 0.0109728 0.0366922 0.0840938 0.148568 0.222781 0.281034 0.28705 0.264449 0.257089 0.246524 0.211458 0.171655 0.153113 0.158057 0.172332 0.194123 0.206937 0.199014 0.194474 0.195368 0.183742 0.163171 0.146088 0.144508 0.163797 0.205129 0.241863 0.231599 0.185683 0.14595 0.120983 0.101536 0.0846854 0.0728111 0.0700961 0.0804735 0.0849512 0.0705261 0.0551524 0.0495401 0.048327 
0.012942 0.00912405 0.0104873 0.0198569 0.033294 0.0467738 0.0619011 0.077494 0.07731 0.0613265 0.0508558 0.0507832 0.0527542 0.0566667 0.0676219 0.0721173 0.0653671 0.0543764 0.0401744 0.0240064 0.0108365 0.00516252 0.00474948 0.00782982 0.0185467 0.0440077 0.0847253 0.146292 0.223348 0.273713 0.276232 0.267877 0.276279 0.270012 0.22762 0.173001 0.135269 0.125565 0.137201 0.162604 0.175146 0.167242 0.16361 0.164989 0.155693 0.141885 0.131087 0.133104 0.150933 0.197773 0.251062 0.259895 0.222452 0.17528 0.136519 0.109909 0.096346 0.089286 0.0820579 0.0765012 0.0686396 0.0557637 0.0460913 0.0403874 0.0359898 
0.0153271 0.0106275 0.0123893 0.0269329 0.0481661 0.0622971 0.0747362 0.0908388 0.0887138 0.067437 0.0522698 0.0472482 0.0450091 0.0490834 0.0606624 0.0620903 0.0554272 0.0497165 0.0407181 0.028676 0.0181633 0.0138384 0.0161886 0.0239302 0.035927 0.0536265 0.0786807 0.121424 0.186365 0.237462 0.245119 0.238447 0.247723 0.246167 0.207717 0.152493 0.111862 0.100379 0.10931 0.126817 0.133905 0.127971 0.125449 0.129574 0.131446 0.132698 0.131692 0.137423 0.154559 0.197345 0.247742 0.274774 0.265382 0.230706 0.178878 0.125536 0.0958455 0.0889711 0.0848586 0.0729876 0.0613086 0.0536323 0.0495826 0.0457161 0.0413745 
0.0215252 0.0181184 0.0207948 0.037363 0.0611203 0.0755158 0.084575 0.0903692 0.0791358 0.0566058 0.0417529 0.0373551 0.0362232 0.0403554 0.0502266 0.0500269 0.0441193 0.0407675 0.0364785 0.0325828 0.0285529 0.0288401 0.034835 0.0433709 0.0511792 0.057537 0.0671247 0.0886948 0.132348 0.178891 0.1924 0.182812 0.184953 0.18876 0.167401 0.134346 0.110006 0.100947 0.0995227 0.0985448 0.098939 0.0986855 0.097074 0.0963999 0.100884 0.116999 0.132667 0.141574 0.156653 0.193011 0.237441 0.279742 0.301833 0.288798 0.23141 0.152755 0.103396 0.0904281 0.0877895 0.0752265 0.0656661 0.0660431 0.067159 0.065647 0.0636786 
0.0351747 0.0324422 0.0322038 0.0413824 0.0570111 0.0695662 0.0777319 0.0758292 0.0615188 0.0426829 0.0317014 0.0290531 0.0275206 0.0269745 0.0320779 0.0348848 0.0330926 0.0323249 0.0324666 0.0356894 0.0398226 0.0478675 0.0565909 0.060597 0.0637362 0.0643207 0.0621295 0.0682738 0.0939373 0.126902 0.144075 0.142401 0.141978 0.145055 0.139255 0.132136 0.126784 0.113049 0.091701 0.0732065 0.0674969 0.0686406 0.0671056 0.0644474 0.0685936 0.090148 0.12135 0.143269 0.163002 0.19159 0.23081 0.285554 0.327861 0.322624 0.262724 0.182028 0.130554 0.114323 0.106665 0.0922332 0.0859423 0.0921114 0.0949858 0.0938819 0.0959228 
0.0490105 0.045683 0.0404592 0.039984 0.0456587 0.0526541 0.058361 0.0566093 0.0469891 0.0356809 0.0295615 0.0270617 0.0233449 0.0174386 0.0173968 0.0223536 0.0266421 0.0314153 0.0354669 0.0420123 0.0538413 0.0685919 0.0777639 0.0835236 0.0903817 0.0877128 0.0711937 0.0624545 0.0751389 0.0999042 0.123049 0.130053 0.123915 0.11875 0.122108 0.134105 0.135276 0.107258 0.0704401 0.0479628 0.0411556 0.0417154 0.0420133 0.0429297 0.0492521 0.0688394 0.103412 0.141913 0.173162 0.195087 0.229824 0.288544 0.329945 0.313517 0.253726 0.195137 0.165607 0.157164 0.145487 0.132118 0.127932 0.129702 0.126546 0.124812 0.129714 
0.047716 0.0462564 0.0422894 0.0398627 0.0424175 0.0461274 0.0473465 0.0429964 0.0353939 0.0303838 0.0278852 0.0253365 0.0213454 0.0151321 0.0148351 0.0224337 0.0340717 0.0467346 0.0534796 0.0564126 0.0662767 0.0801734 0.0910425 0.11145 0.133165 0.125687 0.0903454 0.0637451 0.064819 0.0876862 0.116062 0.125964 0.112961 0.0986349 0.104548 0.124709 0.122875 0.0869817 0.0510847 0.0346965 0.0310673 0.0328336 0.0360507 0.0391167 0.0440713 0.0577255 0.0848964 0.126432 0.163391 0.181292 0.212404 0.269458 0.301992 0.277845 0.231143 0.199333 0.189043 0.185601 0.179476 0.178053 0.175194 0.161352 0.146983 0.147995 0.155071 
0.0393118 0.0408046 0.0396727 0.0372259 0.0400506 0.045124 0.0419618 0.0314414 0.0245 0.0239463 0.0233224 0.0209111 0.0179136 0.0156189 0.0199178 0.0331387 0.0532257 0.0709984 0.0754643 0.0689659 0.0681383 0.0788486 0.0988585 0.132847 0.159629 0.147837 0.106307 0.0721228 0.0657825 0.0864263 0.113352 0.122845 0.113036 0.0977314 0.102298 0.118338 0.111494 0.076531 0.0447175 0.0312272 0.0301977 0.0358029 0.0419643 0.0432914 0.042908 0.0523043 0.0754901 0.11592 0.155786 0.17 0.189958 0.235161 0.259653 0.241529 0.217713 0.201667 0.188744 0.18294 0.19106 0.202346 0.198058 0.17549 0.159126 0.16207 0.168101 
0.0353416 0.0379061 0.0348294 0.0290785 0.0318447 0.0418026 0.0384768 0.0217041 0.0129577 0.0131968 0.0144965 0.0143793 0.0130131 0.0136918 0.0195703 0.0325027 0.0544591 0.0738525 0.077618 0.0693883 0.0655474 0.0771825 0.102878 0.128958 0.139292 0.129425 0.105223 0.0832996 0.0750643 0.0887073 0.1126 0.125935 0.120974 0.103334 0.101678 0.107457 0.0969832 0.0684809 0.0408865 0.0260597 0.0242172 0.0324554 0.0395564 0.0388511 0.0378549 0.0515978 0.0820924 0.128309 0.167751 0.16853 0.168174 0.193585 0.212408 0.206174 0.199907 0.190885 0.174625 0.173046 0.192345 0.20269 0.190614 0.172099 0.172758 0.189298 0.203194 
0.0313211 0.0365091 0.0360835 0.0297768 0.0313482 0.0414889 0.0376505 0.017403 0.00555956 0.00310309 0.003153 0.00428279 0.00508538 0.00687446 0.0109458 0.0188889 0.0337722 0.0504053 0.0582549 0.0563524 0.0575877 0.0733453 0.0972519 0.107944 0.104202 0.0950683 0.0837924 0.0788592 0.0805896 0.0932396 0.115955 0.129029 0.116479 0.0925891 0.0852416 0.0847985 0.0745068 0.0559332 0.0358319 0.0205049 0.0167711 0.0244825 0.0307251 0.0317464 0.0378348 0.0634754 0.10419 0.148691 0.176525 0.163033 0.148615 0.15726 0.169294 0.173945 0.178488 0.179634 0.17086 0.170197 0.186393 0.192049 0.178993 0.172219 0.194688 0.233926 0.264521 
0.032052 0.042358 0.0485444 0.0409177 0.0354714 0.0367866 0.0319965 0.016439 0.00435811 0.000581901 1.47705e-06 6.18435e-05 0.000789903 0.00310677 0.00778572 0.0135379 0.0198316 0.0273683 0.0330047 0.0348653 0.0409661 0.0581901 0.0774758 0.0847606 0.0820581 0.0722225 0.0597167 0.0572046 0.0691826 0.0921533 0.118029 0.122295 0.096938 0.0712455 0.0622339 0.0604628 0.0559409 0.0481215 0.0351416 0.0197828 0.0142487 0.0206018 0.0274872 0.0330532 0.0466251 0.0784297 0.115584 0.144328 0.162138 0.155132 0.144311 0.146935 0.156223 0.169896 0.181258 0.190654 0.192918 0.191933 0.200102 0.203388 0.196808 0.20245 0.234622 0.2806 0.313354 
0.0424461 0.0566756 0.0626891 0.0477585 0.0318335 0.0255216 0.023618 0.0176403 0.00819068 0.00177077 0 1.31437e-06 0.00130724 0.0073 0.0181414 0.0255831 0.0251594 0.0226655 0.021054 0.0217574 0.0282208 0.0407456 0.0530746 0.0603177 0.0617214 0.0542756 0.0416823 0.0371212 0.0504804 0.0800376 0.10698 0.103612 0.0769252 0.055729 0.0473989 0.0450528 0.0452761 0.0448206 0.0354894 0.0198139 0.0126246 0.0159337 0.0231249 0.0342832 0.0540194 0.0837884 0.110592 0.127779 0.147176 0.163246 0.168764 0.174706 0.18727 0.203253 0.213809 0.227633 0.240224 0.244281 0.258127 0.27203 0.270917 0.273062 0.287393 0.310605 0.329301 
0.0651649 0.078577 0.0770376 0.0529554 0.0296126 0.0209023 0.0213828 0.0208279 0.0140998 0.00578586 0.00104936 0.00139481 0.00824036 0.0243919 0.0421155 0.0500116 0.0465106 0.037018 0.0280049 0.0258289 0.0284559 0.0335372 0.0395656 0.0422963 0.0413532 0.0368097 0.0291036 0.0265664 0.039075 0.0654201 0.0811176 0.0704133 0.0524009 0.0418693 0.0403893 0.0423948 0.045539 0.0493536 0.0433454 0.0253813 0.0126289 0.0101047 0.0155078 0.0309684 0.0555977 0.082599 0.103951 0.11983 0.143933 0.176008 0.196256 0.213059 0.235273 0.250983 0.251274 0.254508 0.262772 0.275015 0.313215 0.356848 0.367083 0.358994 0.34922 0.352264 0.367457 
0.108331 0.114786 0.103773 0.0718116 0.0411315 0.0274508 0.0238028 0.0212917 0.0159429 0.00919596 0.00405663 0.00555523 0.0189406 0.0446375 0.063597 0.0687789 0.070227 0.0645928 0.0535847 0.0468802 0.0403674 0.0370147 0.0352811 0.0304358 0.0264942 0.0256876 0.0231658 0.0209239 0.0276555 0.0429472 0.0478624 0.0365058 0.0272475 0.0275549 0.0372275 0.0491044 0.0578151 0.0649953 0.061339 0.0385323 0.0168245 0.0091449 0.0136206 0.0313181 0.0571563 0.0830379 0.104498 0.119593 0.140704 0.173218 0.200534 0.229643 0.264544 0.286455 0.280239 0.264487 0.256507 0.273473 0.329163 0.395785 0.426344 0.428331 0.416862 0.418615 0.43951 
0.163999 0.159109 0.138709 0.102983 0.0687672 0.0479063 0.0347081 0.0262839 0.0204929 0.0162027 0.0133796 0.01635 0.0307743 0.056122 0.0725808 0.0758771 0.0822811 0.0845058 0.0764653 0.0655464 0.0539516 0.0476785 0.0399587 0.0302781 0.0259748 0.0266908 0.0237011 0.0172218 0.0153682 0.0190674 0.0211346 0.0182027 0.0165298 0.0205238 0.0338963 0.055169 0.0767157 0.0880488 0.0825852 0.0581891 0.0314587 0.0186214 0.0214862 0.0374394 0.0611505 0.089076 0.112086 0.122867 0.138628 0.165993 0.1972 0.241026 0.294248 0.326068 0.321508 0.297372 0.271865 0.277117 0.324433 0.392028 0.441897 0.472033 0.477551 0.483135 0.503697 
0.222421 0.203729 0.178012 0.147674 0.120344 0.0964588 0.0704598 0.0497528 0.0384342 0.0365971 0.0394281 0.0423509 0.0506045 0.0656579 0.077202 0.0827938 0.0895171 0.0893714 0.0772915 0.063282 0.0553969 0.055142 0.0508765 0.0407771 0.0360925 0.0366895 0.0309762 0.0186456 0.0100499 0.00816126 0.00964042 0.0124259 0.0162862 0.0203795 0.0313773 0.0573747 0.0913939 0.110835 0.108319 0.0888736 0.0617517 0.0443185 0.0414652 0.0491702 0.0678663 0.0951856 0.115464 0.125929 0.144969 0.171519 0.21198 0.27782 0.354198 0.391341 0.378412 0.345966 0.307714 0.295363 0.323166 0.385572 0.456083 0.516302 0.534138 0.53359 0.544137 
0.308138 0.273623 0.24876 0.228337 0.204322 0.170999 0.125951 0.0884134 0.0708702 0.0707753 0.0758749 0.0756566 0.0776026 0.0817266 0.0857342 0.0920624 0.0987167 0.0980557 0.0836976 0.0673998 0.0594252 0.0613443 0.0647802 0.058633 0.0534463 0.0539831 0.0483298 0.0322917 0.0172966 0.0122302 0.0132028 0.0161246 0.0202292 0.022893 0.0312585 0.0565546 0.0947258 0.125835 0.135895 0.123578 0.0969143 0.0784044 0.0689027 0.0674448 0.0789873 0.0978641 0.113861 0.133245 0.167261 0.207313 0.262889 0.340125 0.422555 0.45192 0.419846 0.371968 0.33064 0.322563 0.357226 0.428332 0.509128 0.56796 0.566668 0.54172 0.537075 
0.41172 0.373764 0.354986 0.33777 0.303158 0.247057 0.17741 0.121841 0.0994481 0.10095 0.109313 0.111912 0.113442 0.110998 0.104187 0.100806 0.104609 0.114617 0.11373 0.10162 0.0867072 0.0806856 0.0877543 0.0885268 0.0827255 0.082238 0.0809206 0.0657567 0.0434057 0.0328143 0.0320769 0.0308835 0.0290278 0.0288891 0.0373746 0.0605553 0.0952825 0.13034 0.152112 0.149443 0.129604 0.111983 0.0962781 0.092428 0.102051 0.108596 0.118819 0.152597 0.210589 0.274896 0.339926 0.398427 0.447699 0.447835 0.404828 0.363656 0.344551 0.363652 0.430563 0.51873 0.586723 0.610193 0.579526 0.534141 0.513703 
0.486362 0.45041 0.427596 0.407872 0.373249 0.310022 0.230114 0.162146 0.132549 0.133252 0.146629 0.15532 0.158964 0.15662 0.139802 0.119766 0.115688 0.134624 0.152939 0.151584 0.134172 0.122975 0.12885 0.127352 0.113828 0.113801 0.125761 0.116391 0.0842586 0.0617912 0.0546392 0.0475714 0.0411266 0.0414378 0.0532023 0.0737892 0.0964223 0.121535 0.143942 0.14912 0.14357 0.132069 0.117455 0.120522 0.135145 0.135528 0.142189 0.183476 0.25276 0.326867 0.385041 0.412573 0.422615 0.397457 0.357887 0.347159 0.372073 0.422483 0.507936 0.598457 0.654634 0.663236 0.631499 0.577863 0.535107 
0.515709 0.473091 0.430962 0.406453 0.3877 0.346448 0.286272 0.22761 0.197359 0.192248 0.197738 0.200932 0.199993 0.191178 0.165698 0.136944 0.128442 0.147156 0.173048 0.185941 0.190393 0.196028 0.196958 0.175565 0.146006 0.146052 0.168203 0.163254 0.126061 0.0898632 0.0696208 0.0570654 0.0534815 0.0584781 0.0720242 0.086644 0.0949832 0.106668 0.118829 0.1203 0.121941 0.123263 0.125195 0.14261 0.162022 0.162948 0.170268 0.206155 0.261015 0.320589 0.367297 0.386067 0.391886 0.369899 0.342711 0.357641 0.415512 0.481349 0.555197 0.630787 0.690287 0.722357 0.719697 0.671085 0.614815 
0.534428 0.495312 0.44134 0.406339 0.397073 0.377339 0.337279 0.2989 0.28169 0.271797 0.258467 0.248182 0.236486 0.205596 0.16443 0.13235 0.125054 0.144154 0.175792 0.205494 0.241838 0.274047 0.270115 0.231281 0.187914 0.175391 0.187493 0.184896 0.160115 0.126956 0.0980285 0.0777966 0.0725794 0.0771861 0.0915686 0.104366 0.104316 0.105194 0.106104 0.0975415 0.0967421 0.107314 0.124502 0.148555 0.162526 0.166348 0.183871 0.216087 0.251718 0.290113 0.329836 0.360397 0.380734 0.368954 0.354847 0.388194 0.461115 0.521921 0.571126 0.633349 0.705114 0.766445 0.787974 0.751972 0.702522 
0.592632 0.56683 0.518347 0.473366 0.453996 0.433613 0.39516 0.363338 0.349567 0.326104 0.295967 0.278202 0.26195 0.218417 0.163189 0.123227 0.117133 0.140986 0.180984 0.222197 0.268928 0.309952 0.310071 0.276476 0.230245 0.195946 0.187606 0.192349 0.194406 0.181505 0.154647 0.128673 0.115131 0.107117 0.116164 0.132683 0.132321 0.127587 0.124066 0.109743 0.103205 0.113428 0.132773 0.14963 0.153975 0.166385 0.200929 0.232029 0.248824 0.268453 0.307837 0.353637 0.378211 0.36438 0.357843 0.407315 0.491669 0.545707 0.582559 0.639316 0.714846 0.789096 0.814798 0.79012 0.753049 
0.664544 0.654881 0.625426 0.580031 0.535415 0.491773 0.444797 0.40768 0.376962 0.329873 0.286922 0.263619 0.250903 0.218729 0.165899 0.121229 0.112082 0.134945 0.175959 0.218418 0.257525 0.294034 0.309134 0.297566 0.260563 0.215714 0.190939 0.196212 0.219893 0.229723 0.214475 0.194708 0.178182 0.151967 0.14531 0.163124 0.17203 0.167455 0.160467 0.146804 0.137605 0.142296 0.157677 0.167962 0.167456 0.184097 0.225497 0.252837 0.256025 0.261037 0.2922 0.335665 0.351799 0.343147 0.354583 0.413388 0.498597 0.562711 0.615655 0.673876 0.726959 0.77658 0.786764 0.765381 0.735046 
0.692355 0.686336 0.671374 0.641303 0.591014 0.526272 0.466075 0.419026 0.369848 0.310084 0.264285 0.238808 0.224708 0.204219 0.165948 0.124288 0.106422 0.118265 0.150989 0.190652 0.228402 0.258377 0.276097 0.281959 0.270266 0.243959 0.213935 0.204117 0.22233 0.240929 0.247573 0.253733 0.246603 0.208011 0.183463 0.200206 0.225666 0.221552 0.206458 0.199194 0.198565 0.200396 0.208318 0.214662 0.214041 0.224329 0.250354 0.262475 0.255423 0.251785 0.271726 0.298476 0.307335 0.319206 0.358949 0.419488 0.49541 0.582319 0.660993 0.714406 0.730229 0.733969 0.719164 0.688493 0.657712 
0.659379 0.653306 0.649015 0.646594 0.624409 0.57095 0.50562 0.44098 0.37328 0.305404 0.256899 0.23035 0.215159 0.20291 0.177048 0.135673 0.104753 0.101249 0.120639 0.159179 0.209832 0.242281 0.248729 0.252571 0.263973 0.271476 0.251744 0.223962 0.220108 0.239059 0.272725 0.303788 0.303045 0.265312 0.236652 0.255901 0.300011 0.304049 0.282175 0.276904 0.282239 0.279068 0.271844 0.264582 0.264992 0.273025 0.274495 0.255736 0.235973 0.237268 0.261284 0.280072 0.29062 0.320401 0.382058 0.449728 0.521143 0.619008 0.698961 0.722664 0.695224 0.660572 0.630903 0.59698 0.571554 
0.592338 0.604894 0.62452 0.652784 0.662136 0.633863 0.580552 0.504954 0.414954 0.324902 0.258177 0.224556 0.213585 0.211146 0.194594 0.153042 0.109404 0.0894759 0.0957714 0.12916 0.184002 0.22663 0.241487 0.25056 0.276859 0.303925 0.295044 0.259125 0.243632 0.268507 0.319331 0.348976 0.342066 0.313762 0.298925 0.331276 0.390795 0.405816 0.376686 0.364321 0.363068 0.341633 0.315687 0.298871 0.299638 0.303724 0.283553 0.241858 0.217817 0.232635 0.271213 0.294951 0.309622 0.34326 0.413491 0.490331 0.551332 0.619157 0.661089 0.646695 0.594923 0.558131 0.537732 0.509791 0.488584 
0.575366 0.599956 0.634093 0.675143 0.690791 0.668048 0.624894 0.550256 0.44837 0.34297 0.269876 0.238414 0.230746 0.225173 0.205311 0.162448 0.111961 0.0842375 0.0873612 0.116473 0.161936 0.207177 0.244757 0.281183 0.328531 0.358671 0.340301 0.291912 0.269876 0.304495 0.370721 0.399366 0.394859 0.382324 0.387284 0.431196 0.493668 0.510916 0.47679 0.449486 0.429452 0.384648 0.344312 0.329456 0.334015 0.323592 0.277255 0.224766 0.20697 0.233188 0.280703 0.312299 0.335463 0.371956 0.437369 0.501363 0.533401 0.554798 0.558006 0.528505 0.484655 0.464603 0.455857 0.438219 0.424481 
0.595768 0.621097 0.647999 0.662239 0.656338 0.637908 0.60673 0.543559 0.455161 0.365014 0.306826 0.28563 0.275953 0.25273 0.210818 0.157161 0.105369 0.0803431 0.0905789 0.128421 0.175752 0.221129 0.267078 0.321818 0.388503 0.422795 0.385025 0.315415 0.284089 0.322436 0.401247 0.443278 0.456942 0.475612 0.501393 0.530987 0.573799 0.594913 0.566938 0.519401 0.479233 0.428457 0.388957 0.376145 0.378862 0.350606 0.286078 0.231618 0.219168 0.244531 0.285199 0.320999 0.358886 0.394516 0.433669 0.462038 0.46924 0.478035 0.479217 0.454005 0.423328 0.411255 0.402675 0.391472 0.385052 
0.57837 0.615721 0.641052 0.619358 0.590305 0.589319 0.576167 0.530075 0.475806 0.418588 0.377261 0.363552 0.344838 0.294691 0.219755 0.149463 0.0989232 0.0790107 0.094417 0.144275 0.208071 0.262928 0.306682 0.354571 0.417162 0.458712 0.425821 0.352285 0.315977 0.344466 0.415408 0.470097 0.516479 0.579221 0.615557 0.609072 0.619907 0.636227 0.611492 0.558099 0.51542 0.478058 0.454914 0.442097 0.429866 0.374847 0.295427 0.24387 0.237777 0.26186 0.294172 0.329417 0.371994 0.394747 0.410906 0.426381 0.435858 0.446137 0.446365 0.420598 0.386291 0.361589 0.343553 0.332419 0.324834 
0.54618 0.5885 0.612283 0.575162 0.532248 0.530563 0.532723 0.522928 0.516152 0.483165 0.444981 0.433162 0.39917 0.326708 0.238766 0.160933 0.108376 0.0898501 0.105479 0.159715 0.237735 0.304009 0.350785 0.38902 0.424497 0.452077 0.436133 0.389578 0.369448 0.389878 0.440099 0.506472 0.601123 0.70351 0.727629 0.684886 0.666182 0.65492 0.614851 0.566775 0.531901 0.508315 0.500029 0.490149 0.45813 0.372546 0.283904 0.243292 0.246441 0.27244 0.304398 0.338769 0.373922 0.388517 0.405063 0.430374 0.448127 0.443852 0.419388 0.372522 0.322783 0.289289 0.272547 0.262906 0.248485 
0.553011 0.573485 0.58037 0.546364 0.49796 0.477516 0.487513 0.510196 0.52904 0.503199 0.468676 0.45744 0.408781 0.329252 0.255731 0.188529 0.137469 0.120086 0.133842 0.180901 0.260514 0.341792 0.405851 0.444165 0.447655 0.442127 0.425906 0.409596 0.422035 0.456326 0.498642 0.576167 0.69775 0.806912 0.817278 0.752536 0.694167 0.646153 0.599772 0.56551 0.543436 0.525334 0.513065 0.497254 0.450818 0.35463 0.276481 0.258395 0.274935 0.306294 0.342191 0.377648 0.405636 0.422267 0.444128 0.464114 0.467293 0.435685 0.382879 0.313305 0.254984 0.226083 0.217772 0.210871 0.193748 
0.573792 0.563672 0.550971 0.529529 0.495078 0.471785 0.480946 0.499566 0.508345 0.490506 0.472254 0.455483 0.39484 0.319432 0.267301 0.225609 0.188271 0.174571 0.183544 0.217582 0.289689 0.386925 0.473479 0.513427 0.491048 0.459031 0.439488 0.436315 0.464198 0.512632 0.56299 0.644158 0.748663 0.8319 0.850262 0.790215 0.692194 0.616496 0.579574 0.558549 0.548998 0.543596 0.524857 0.492219 0.436553 0.345303 0.281882 0.287544 0.32549 0.370274 0.41373 0.45812 0.488147 0.501895 0.50609 0.492635 0.462096 0.409787 0.349381 0.279859 0.220966 0.187968 0.177581 0.170215 0.15575 
0.548728 0.524396 0.51253 0.508266 0.493435 0.479125 0.482803 0.481917 0.478817 0.477904 0.473838 0.44381 0.37891 0.32075 0.295809 0.28469 0.267861 0.255477 0.251781 0.273095 0.33107 0.422667 0.51812 0.574419 0.559028 0.524448 0.507431 0.496946 0.502875 0.542639 0.603797 0.678336 0.746586 0.801952 0.833441 0.791214 0.684515 0.603253 0.568187 0.547309 0.542275 0.54291 0.513595 0.466195 0.414051 0.343445 0.290978 0.296132 0.339464 0.402105 0.468682 0.529522 0.556992 0.553777 0.529842 0.489549 0.438788 0.383701 0.328157 0.268615 0.213432 0.169748 0.148783 0.141643 0.135926 
0.496173 0.466541 0.453387 0.454358 0.447104 0.43388 0.432206 0.427288 0.428353 0.439051 0.429631 0.385869 0.333203 0.309151 0.321481 0.342989 0.347639 0.33716 0.325683 0.342806 0.386977 0.447675 0.52062 0.592995 0.616077 0.59867 0.58121 0.556125 0.535508 0.567748 0.641409 0.708786 0.751281 0.79224 0.829108 0.8108 0.728031 0.653777 0.607284 0.571746 0.547211 0.524255 0.474828 0.41477 0.369032 0.328969 0.293628 0.281475 0.309297 0.381512 0.478258 0.558788 0.575858 0.546076 0.502269 0.458241 0.411632 0.373237 0.327785 0.265276 0.206511 0.162415 0.141735 0.140105 0.143874 
0.466587 0.430774 0.402396 0.393712 0.379603 0.357895 0.355268 0.36751 0.38732 0.397372 0.366122 0.314663 0.282769 0.287974 0.328747 0.383045 0.412868 0.407466 0.397574 0.419099 0.453539 0.478018 0.511551 0.571065 0.61673 0.621736 0.615973 0.595783 0.573029 0.615473 0.709228 0.779136 0.817629 0.859938 0.892599 0.872078 0.792063 0.716615 0.669816 0.63089 0.578417 0.518084 0.451123 0.383239 0.336679 0.315536 0.301741 0.285661 0.296974 0.362223 0.473547 0.568909 0.574028 0.517021 0.46449 0.427706 0.390321 0.365511 0.326482 0.255374 0.191292 0.161609 0.155049 0.155534 0.156761 
0.451817 0.42769 0.39718 0.375501 0.345786 0.314598 0.314191 0.342707 0.380615 0.389071 0.344072 0.292181 0.274995 0.291889 0.338661 0.404107 0.444862 0.439427 0.424701 0.44274 0.473458 0.489466 0.501872 0.529258 0.569893 0.607136 0.637456 0.636801 0.618393 0.66254 0.766066 0.845359 0.896501 0.952379 0.973693 0.92108 0.817141 0.74338 0.721745 0.699156 0.636121 0.555039 0.487858 0.428113 0.380452 0.357748 0.351761 0.339937 0.332752 0.368341 0.463197 0.561662 0.571109 0.509469 0.461946 0.438454 0.408687 0.377925 0.324732 0.241836 0.175112 0.157444 0.164239 0.169134 0.168025 
0.429566 0.43242 0.419307 0.391161 0.352536 0.323819 0.325618 0.349681 0.389242 0.406491 0.373196 0.326485 0.309546 0.32055 0.352912 0.400497 0.433213 0.42859 0.412069 0.419671 0.44975 0.482664 0.497287 0.497174 0.522838 0.579017 0.634345 0.652589 0.647438 0.689784 0.784734 0.866993 0.927838 0.988308 1 0.937658 0.845693 0.788848 0.778443 0.765606 0.705228 0.620418 0.571168 0.538984 0.497749 0.458658 0.438749 0.42888 0.412678 0.418606 0.48667 0.577888 0.598561 0.537642 0.486979 0.475499 0.461571 0.422167 0.34161 0.238122 0.163761 0.141382 0.146515 0.160066 0.167927 
0.416765 0.431802 0.442308 0.426345 0.393461 0.37467 0.379742 0.385869 0.39887 0.412851 0.410329 0.385971 0.363266 0.350943 0.358064 0.38234 0.404094 0.402581 0.397364 0.409249 0.438183 0.474538 0.496208 0.499365 0.519112 0.562067 0.601164 0.616333 0.628379 0.683828 0.778022 0.865759 0.931128 0.969833 0.96675 0.930935 0.887127 0.84826 0.815027 0.784652 0.731657 0.667773 0.638852 0.616222 0.583393 0.54855 0.525548 0.516043 0.505052 0.504777 0.556454 0.630422 0.645526 0.579374 0.515065 0.497994 0.496685 0.461432 0.369386 0.25135 0.163713 0.124871 0.118065 0.131803 0.14406 
0.43464 0.445216 0.467301 0.468922 0.450732 0.440723 0.446976 0.435834 0.409423 0.405451 0.428069 0.432273 0.417338 0.392766 0.382052 0.389219 0.398512 0.394448 0.397129 0.421252 0.452612 0.480849 0.509335 0.538233 0.561234 0.574326 0.578021 0.570296 0.582898 0.652251 0.760636 0.858223 0.915686 0.911745 0.879489 0.864457 0.857912 0.832644 0.789467 0.742815 0.696518 0.666854 0.651393 0.620731 0.598236 0.588034 0.583316 0.574211 0.559135 0.553351 0.591344 0.655216 0.670733 0.603178 0.524845 0.492202 0.491769 0.463535 0.373655 0.25579 0.166693 0.119411 0.101403 0.107256 0.118805 
0.48874 0.482698 0.48881 0.493613 0.496692 0.497921 0.495305 0.468149 0.418667 0.405429 0.444167 0.472307 0.469342 0.438274 0.415358 0.417291 0.426392 0.426579 0.43424 0.46003 0.494048 0.529081 0.563066 0.593793 0.616438 0.618462 0.601518 0.575785 0.578116 0.637256 0.736962 0.826357 0.864553 0.831739 0.7733 0.742655 0.740307 0.74303 0.734653 0.69788 0.653893 0.640308 0.630215 0.608913 0.604681 0.598577 0.590047 0.573093 0.544243 0.523416 0.546864 0.609236 0.632803 0.574805 0.504125 0.467055 0.45574 0.421919 0.339581 0.244347 0.177545 0.132797 0.104051 0.0971356 0.101525 
0.550023 0.513521 0.484647 0.485758 0.51171 0.525804 0.51753 0.486093 0.434301 0.415987 0.456241 0.496465 0.496984 0.454481 0.420467 0.426341 0.449419 0.460573 0.470018 0.488267 0.533811 0.598118 0.637522 0.641141 0.648206 0.658733 0.652321 0.632038 0.623867 0.654374 0.721737 0.779809 0.791649 0.751374 0.688028 0.641334 0.640839 0.682394 0.718575 0.700015 0.649924 0.630562 0.625182 0.622441 0.621585 0.59135 0.561125 0.536286 0.500942 0.469156 0.46348 0.491659 0.508071 0.483148 0.451422 0.420878 0.392087 0.34609 0.282109 0.222398 0.177922 0.138068 0.107925 0.0932892 0.0869296 
0.548748 0.500022 0.459297 0.46268 0.490472 0.507273 0.51278 0.502704 0.466033 0.444075 0.46909 0.497556 0.494381 0.455933 0.41991 0.418675 0.44152 0.460786 0.477213 0.503894 0.564196 0.637117 0.668285 0.645203 0.632372 0.6596 0.685821 0.677603 0.650925 0.647736 0.67877 0.705103 0.701867 0.675508 0.621723 0.572924 0.584433 0.653643 0.716229 0.721706 0.685366 0.666966 0.669151 0.673433 0.654108 0.597377 0.554241 0.527098 0.485305 0.436052 0.385487 0.356631 0.352803 0.359924 0.369827 0.358078 0.32494 0.271197 0.222704 0.190616 0.155809 0.118126 0.0931867 0.0806542 0.0729624 
0.498371 0.468962 0.450674 0.465338 0.48453 0.490463 0.499716 0.501165 0.480409 0.46813 0.479379 0.482319 0.472055 0.452683 0.43214 0.429351 0.452043 0.479449 0.497965 0.532536 0.5797 0.608915 0.611686 0.587901 0.581148 0.629758 0.685629 0.680557 0.628465 0.595494 0.598628 0.602 0.591031 0.586354 0.557165 0.520406 0.536932 0.60205 0.66548 0.697808 0.706849 0.715703 0.727285 0.722652 0.685093 0.623197 0.579498 0.545965 0.48927 0.412527 0.322085 0.260039 0.246983 0.266191 0.288169 0.28428 0.259956 0.218861 0.181811 0.15583 0.1254 0.0948682 0.0740401 0.0672996 0.0675346 
0.4693 0.468224 0.475797 0.493586 0.505453 0.502306 0.495501 0.481305 0.469578 0.481824 0.494429 0.477323 0.455183 0.444396 0.446966 0.468371 0.514508 0.553129 0.561022 0.573444 0.575047 0.550925 0.530909 0.521951 0.538382 0.603633 0.671846 0.667381 0.607129 0.560304 0.54735 0.542345 0.529702 0.521052 0.496136 0.467581 0.481438 0.530773 0.577984 0.620058 0.667978 0.710673 0.728216 0.71442 0.684052 0.643201 0.602103 0.551247 0.473305 0.376621 0.275772 0.210501 0.195347 0.211061 0.223715 0.216372 0.201433 0.181429 0.154893 0.123263 0.0946281 0.0757013 0.0659226 0.0679594 0.0765893 
0.50627 0.518871 0.529103 0.529279 0.521517 0.503235 0.476217 0.46079 0.475271 0.510925 0.525721 0.505849 0.481554 0.466123 0.470434 0.511036 0.581999 0.633747 0.637478 0.616059 0.5761 0.533005 0.512022 0.507397 0.52497 0.579026 0.628184 0.618933 0.568013 0.528399 0.521785 0.535358 0.538615 0.514081 0.465992 0.42176 0.421953 0.4656 0.513057 0.559693 0.615202 0.664344 0.674266 0.656344 0.648325 0.637286 0.604554 0.539703 0.445523 0.342353 0.253576 0.196784 0.173236 0.17154 0.171089 0.164203 0.156907 0.149576 0.129897 0.0981279 0.0730074 0.0627568 0.0645135 0.0722875 0.0839659 
0.596517 0.600177 0.58867 0.556956 0.520157 0.481504 0.444926 0.451474 0.502495 0.546327 0.552842 0.541237 0.532719 0.514768 0.501495 0.544038 0.625717 0.685534 0.694491 0.655925 0.59719 0.55779 0.549768 0.556162 0.567383 0.582899 0.578903 0.545852 0.504517 0.488498 0.499361 0.52269 0.5366 0.515511 0.462416 0.402725 0.383886 0.418397 0.474472 0.539717 0.604942 0.642503 0.619391 0.573154 0.55464 0.545561 0.520699 0.467796 0.390709 0.303013 0.236971 0.198833 0.170409 0.144778 0.130841 0.127178 0.125137 0.121124 0.108323 0.0872472 0.071166 0.0680595 0.0749982 0.0828321 0.0927733 
0.658794 0.648884 0.614789 0.557931 0.50836 0.466446 0.431902 0.452837 0.518551 0.549923 0.536932 0.518926 0.519827 0.521359 0.524084 0.590232 0.692005 0.752364 0.747945 0.692241 0.62455 0.588997 0.595916 0.631119 0.650011 0.629191 0.573351 0.514575 0.482527 0.490921 0.503503 0.497737 0.496136 0.488357 0.454548 0.399517 0.370526 0.39066 0.449179 0.535708 0.620442 0.650996 0.591733 0.497628 0.434304 0.398843 0.375228 0.35154 0.316791 0.265966 0.226344 0.206728 0.178602 0.13195 0.10617 0.104243 0.102984 0.0979728 0.0906286 0.0798526 0.0776306 0.0904236 0.106107 0.114239 0.122168 
0.623173 0.613737 0.582822 0.530453 0.485665 0.45754 0.440734 0.465484 0.521831 0.538311 0.510974 0.477303 0.464168 0.482663 0.529891 0.636725 0.76014 0.822583 0.809226 0.73534 0.655338 0.618357 0.628869 0.674328 0.698205 0.664945 0.58973 0.528607 0.509795 0.525835 0.523593 0.48318 0.459069 0.449344 0.425443 0.388831 0.369387 0.383093 0.430023 0.513081 0.604051 0.633253 0.55917 0.446742 0.36551 0.315464 0.287024 0.27642 0.267068 0.243491 0.217317 0.200411 0.170988 0.119201 0.0890965 0.0841657 0.0833225 0.0845741 0.085918 0.0835345 0.0960886 0.12744 0.155455 0.167045 0.173566 
0.540855 0.534432 0.517467 0.480764 0.447852 0.443772 0.452631 0.478727 0.521355 0.535752 0.515922 0.47909 0.446135 0.46404 0.54708 0.677826 0.79147 0.845352 0.840202 0.773032 0.706115 0.677956 0.676072 0.692063 0.689682 0.650359 0.598074 0.569456 0.562437 0.55652 0.527587 0.473828 0.440343 0.423853 0.400823 0.37857 0.37481 0.387767 0.41187 0.470399 0.552084 0.576667 0.509307 0.421508 0.36247 0.317294 0.280313 0.26516 0.253165 0.222793 0.186757 0.161897 0.139466 0.105908 0.0814237 0.0713469 0.070217 0.0780404 0.0891942 0.101582 0.13573 0.179615 0.204772 0.212699 0.21662 
0.461164 0.453529 0.444515 0.432002 0.424315 0.432801 0.446123 0.46568 0.494898 0.517617 0.525907 0.505151 0.465565 0.470846 0.557472 0.684404 0.769482 0.806318 0.822366 0.803943 0.791652 0.790713 0.763481 0.715152 0.653932 0.599079 0.57489 0.58192 0.592477 0.574036 0.528327 0.478778 0.446596 0.424704 0.402891 0.388352 0.394833 0.406269 0.40189 0.420058 0.479741 0.510746 0.477578 0.430508 0.397372 0.35282 0.297707 0.2631 0.232131 0.187887 0.14832 0.124563 0.115604 0.103812 0.0861513 0.0731436 0.0704849 0.0797875 0.0945511 0.116119 0.162827 0.209458 0.22337 0.223377 0.225326 
0.377147 0.364416 0.357468 0.376192 0.402719 0.412317 0.416059 0.429508 0.442053 0.4579 0.487435 0.503857 0.490287 0.488049 0.545363 0.640182 0.694283 0.723775 0.773525 0.823527 0.88234 0.915539 0.863283 0.751855 0.643956 0.579059 0.560757 0.568246 0.578194 0.570982 0.549217 0.524713 0.488779 0.444144 0.4166 0.417165 0.436559 0.440463 0.408949 0.390227 0.42169 0.455323 0.459144 0.445037 0.417579 0.359999 0.283366 0.221103 0.171862 0.132088 0.110557 0.105925 0.114465 0.115708 0.101616 0.0910586 0.0891623 0.0965458 0.104418 0.116878 0.152114 0.194808 0.213117 0.216699 0.219529 
0.30457 0.29919 0.296593 0.328495 0.370759 0.384926 0.388793 0.395997 0.392245 0.393543 0.426592 0.476383 0.503823 0.507278 0.53036 0.576518 0.601578 0.638552 0.723154 0.82563 0.928493 0.97325 0.908908 0.772717 0.656971 0.605231 0.591634 0.577346 0.563826 0.571286 0.592869 0.595644 0.553647 0.488482 0.449749 0.453309 0.471187 0.464152 0.425628 0.393815 0.400591 0.409942 0.408857 0.40061 0.374722 0.319681 0.240641 0.167835 0.117339 0.0896734 0.0842425 0.0970019 0.119322 0.126822 0.118637 0.119082 0.128222 0.139718 0.137583 0.129248 0.14007 0.170031 0.193514 0.202229 0.20183 
0.279802 0.280857 0.276744 0.302056 0.347961 0.374899 0.380376 0.369693 0.354313 0.360718 0.400324 0.456015 0.494307 0.500609 0.508063 0.513583 0.505549 0.533179 0.627851 0.762888 0.889325 0.931601 0.874117 0.762418 0.674734 0.64678 0.63795 0.605462 0.580772 0.59818 0.635599 0.651229 0.618133 0.552798 0.499307 0.474958 0.464087 0.446258 0.416534 0.390242 0.380514 0.357716 0.333504 0.319282 0.301088 0.264622 0.203067 0.140213 0.0966296 0.0731034 0.071256 0.0903178 0.119437 0.135357 0.140476 0.158301 0.187946 0.211082 0.201703 0.171391 0.158458 0.169758 0.185961 0.1948 0.195015 
0.278548 0.279665 0.274764 0.286238 0.321578 0.355936 0.368969 0.358277 0.344048 0.360773 0.406754 0.450606 0.479948 0.489494 0.489529 0.464218 0.427664 0.435287 0.515348 0.656078 0.796136 0.848441 0.821258 0.767066 0.724323 0.715299 0.709201 0.668215 0.638428 0.643801 0.654462 0.667857 0.654019 0.595341 0.531618 0.474475 0.431272 0.403431 0.382299 0.370011 0.357219 0.322281 0.288855 0.26626 0.248242 0.226535 0.183216 0.130588 0.0922199 0.0691516 0.0660804 0.0845573 0.116013 0.147402 0.171623 0.205606 0.253521 0.280808 0.261408 0.219809 0.193093 0.185968 0.189838 0.19788 0.206522 
0.27044 0.272438 0.272704 0.271 0.284165 0.317007 0.345679 0.356104 0.354061 0.377589 0.423535 0.453191 0.477973 0.494722 0.481897 0.432788 0.384252 0.384636 0.452349 0.585658 0.730452 0.798645 0.806312 0.808233 0.80734 0.806456 0.797586 0.751296 0.705341 0.680985 0.656431 0.659483 0.657858 0.606405 0.541917 0.466918 0.403296 0.366195 0.349348 0.353753 0.347956 0.310442 0.271294 0.240159 0.222162 0.21101 0.17944 0.131194 0.0957144 0.0723814 0.0654773 0.0797388 0.113957 0.166087 0.211759 0.255746 0.311036 0.329476 0.296181 0.25406 0.227935 0.210974 0.203768 0.207743 0.220912 
