terrain
33 33
0.266442 0.338954 0.397112 0.406965 0.382908 0.334399 0.306542 0.315176 0.355518 0.444681 0.558618 0.633417 0.698069 0.727088 0.69513 0.700369 0.781176 0.800664 0.750589 0.784956 0.920671 0.958068 0.878388 0.834776 0.785759 0.722883 0.623652 0.466254 0.395694 0.388614 0.335295 0.252765 0.206421 
0.235812 0.313918 0.359649 0.341232 0.320167 0.310924 0.314562 0.332201 0.3611 0.398423 0.433815 0.471963 0.575852 0.70137 0.739655 0.727439 0.730961 0.672205 0.593876 0.63866 0.799996 0.88405 0.821165 0.725616 0.637837 0.597847 0.537203 0.41266 0.34872 0.343526 0.291112 0.211352 0.167814 
0.200083 0.268529 0.311304 0.285822 0.272713 0.306006 0.347244 0.379267 0.380215 0.339831 0.306004 0.319144 0.421956 0.592663 0.699253 0.695446 0.646673 0.531227 0.434335 0.477042 0.644145 0.747621 0.693695 0.584876 0.503871 0.49432 0.476723 0.40229 0.339031 0.296849 0.230302 0.16599 0.138938 
0.186545 0.22949 0.265139 0.255075 0.25622 0.301328 0.352053 0.39334 0.373226 0.281917 0.224138 0.232067 0.304 0.431759 0.530328 0.540523 0.499831 0.400107 0.311351 0.336005 0.475067 0.586748 0.564725 0.485456 0.454684 0.490727 0.508489 0.476176 0.402103 0.292645 0.200396 0.151225 0.140062 
0.167591 0.183808 0.220408 0.247695 0.259206 0.273026 0.305354 0.357204 0.347333 0.256679 0.191215 0.174803 0.20051 0.263184 0.308209 0.318146 0.326911 0.299256 0.245758 0.26224 0.369567 0.461935 0.47164 0.460769 0.501286 0.575002 0.613643 0.613177 0.526264 0.357175 0.227886 0.172031 0.161746 
0.0946168 0.106947 0.159171 0.227943 0.248537 0.24464 0.27629 0.34202 0.351328 0.279619 0.207245 0.158196 0.133359 0.13601 0.137064 0.137007 0.16773 0.202876 0.212169 0.255307 0.364568 0.440425 0.463451 0.512673 0.599888 0.689995 0.757324 0.771898 0.667721 0.484081 0.320619 0.226173 0.189265 
0.0305273 0.0475869 0.0957665 0.163367 0.19829 0.220953 0.259883 0.312399 0.324571 0.274454 0.214042 0.165915 0.113387 0.0723001 0.0510853 0.0510994 0.0810967 0.131396 0.18215 0.262196 0.400489 0.498915 0.534007 0.588516 0.666847 0.773983 0.894869 0.911045 0.780755 0.600634 0.415022 0.268444 0.185719 
0.0145217 0.0273383 0.0533399 0.0889983 0.12486 0.164082 0.189501 0.209919 0.21895 0.198136 0.161775 0.139393 0.0977773 0.0441229 0.0218688 0.0291337 0.0626361 0.111515 0.165818 0.255928 0.413233 0.550008 0.605135 0.639833 0.719018 0.860976 1 0.979583 0.809664 0.614577 0.436004 0.283241 0.178022 
0.0197664 0.0266233 0.0379842 0.0552553 0.0849035 0.120342 0.129877 0.123849 0.123045 0.123795 0.103952 0.0876923 0.0626552 0.0265794 0.0133402 0.0222026 0.0583543 0.117134 0.182563 0.283555 0.43838 0.581942 0.653775 0.66767 0.748949 0.898057 0.992151 0.921949 0.741742 0.548817 0.392353 0.263548 0.170553 
0.037099 0.0421677 0.0500564 0.0603571 0.0854515 0.127951 0.143583 0.119237 0.0933642 0.0898142 0.0793294 0.06437 0.0472602 0.0256836 0.0129054 0.013081 0.0428061 0.128183 0.246688 0.383115 0.521731 0.617334 0.6422 0.60728 0.647545 0.761202 0.813125 0.738391 0.603287 0.458929 0.328483 0.225077 0.158172 
0.0575322 0.0629473 0.0682493 0.0695149 0.0873917 0.138866 0.174633 0.158116 0.112441 0.0856202 0.0725837 0.0656938 0.0598289 0.0449728 0.0209396 0.0105803 0.0351267 0.140618 0.309305 0.473114 0.597515 0.637617 0.577058 0.483956 0.476983 0.5558 0.601699 0.544262 0.456406 0.384183 0.304748 0.228118 0.168964 
0.105544 0.107382 0.102505 0.0816886 0.0794906 0.115148 0.158954 0.187197 0.158973 0.104801 0.0720093 0.0638112 0.0689314 0.0663043 0.0372661 0.0192531 0.0424536 0.143172 0.306622 0.462538 0.592059 0.639271 0.542988 0.405635 0.358406 0.400289 0.424333 0.364876 0.302583 0.282469 0.266669 0.240395 0.202926 
0.188142 0.189014 0.174764 0.125996 0.0934307 0.0972788 0.130514 0.189764 0.198989 0.137012 0.0784251 0.0528483 0.0544167 0.0612266 0.0465049 0.0384544 0.0742991 0.174806 0.307651 0.422788 0.551245 0.646473 0.57395 0.400046 0.301482 0.298296 0.286954 0.227935 0.186597 0.177789 0.181178 0.19499 0.203133 
0.266142 0.281854 0.267248 0.205053 0.143011 0.110825 0.124277 0.178094 0.207509 0.162868 0.0913375 0.0437904 0.0314678 0.038047 0.0440299 0.0623962 0.130353 0.247804 0.348965 0.39521 0.468302 0.569618 0.549284 0.394279 0.272679 0.225147 0.184109 0.141189 0.118978 0.106804 0.0964815 0.104405 0.12365 
0.393795 0.404529 0.358832 0.277094 0.19884 0.142574 0.134506 0.168457 0.194317 0.154942 0.0823406 0.0293075 0.0143946 0.0232361 0.0450641 0.0834899 0.165635 0.274658 0.348567 0.354311 0.366903 0.413794 0.405089 0.305369 0.208018 0.148284 0.101771 0.0711247 0.0556947 0.0467069 0.0384922 0.03905 0.0460542 
0.604233 0.571394 0.467455 0.342978 0.242794 0.168792 0.138834 0.150772 0.166918 0.13494 0.0719391 0.0197836 0.0045066 0.00986153 0.0346307 0.0836722 0.159252 0.239686 0.301031 0.319714 0.32513 0.325869 0.278499 0.19416 0.130414 0.0889021 0.0521194 0.0247292 0.0116484 0.00834631 0.00761637 0.00934816 0.0120179 
0.718111 0.654707 0.540758 0.401227 0.286899 0.205777 0.159315 0.14617 0.14204 0.122664 0.0798415 0.0258697 0.0037072 0.00371907 0.0190781 0.0664732 0.136858 0.209527 0.270705 0.310487 0.350271 0.34816 0.259421 0.157145 0.106013 0.071534 0.0332099 0.00708218 0.000205568 8.59661e-06 0.000400523 0.00162411 0.00301363 
0.58674 0.547055 0.48999 0.392043 0.293604 0.220143 0.17079 0.148427 0.128129 0.111117 0.0840256 0.0388192 0.0121971 0.00974439 0.0219536 0.0598303 0.117304 0.194472 0.273323 0.328278 0.384335 0.387786 0.297645 0.191059 0.1398 0.0983659 0.0473209 0.0104688 0.00015169 0 0.00177793 0.00587197 0.00830456 
0.379759 0.351351 0.335565 0.296378 0.233031 0.168762 0.127135 0.115384 0.102459 0.0907409 0.074217 0.0429297 0.0231026 0.0253859 0.0417877 0.0728046 0.11129 0.17121 0.237358 0.280427 0.323419 0.344563 0.311564 0.238975 0.191065 0.147822 0.0980289 0.0463941 0.0126132 0.00568389 0.0147966 0.0310158 0.0402978 
0.216417 0.191076 0.176237 0.163525 0.137687 0.0952937 0.0629823 0.0555046 0.0586321 0.0617416 0.056477 0.0364583 0.0247732 0.0387851 0.0743059 0.103045 0.111334 0.125655 0.148588 0.17631 0.224833 0.284533 0.309558 0.270253 0.228515 0.195078 0.173767 0.12861 0.0619814 0.0272194 0.0293911 0.0478272 0.0595101 
0.126815 0.111454 0.0967737 0.0913568 0.0810655 0.05347 0.0285452 0.021992 0.0340977 0.0518125 0.050229 0.0331599 0.030728 0.0601067 0.110007 0.127298 0.108438 0.0882475 0.0868347 0.122803 0.203331 0.297709 0.342698 0.307337 0.264608 0.246145 0.251747 0.212336 0.121619 0.0566179 0.0404289 0.0494612 0.0560745 
0.0991408 0.0848639 0.0728599 0.0774545 0.0745954 0.047629 0.027011 0.0259957 0.0483289 0.0758712 0.0714218 0.0526342 0.0595785 0.097875 0.128461 0.116376 0.0901308 0.070455 0.0707995 0.128033 0.258595 0.379782 0.4107 0.373099 0.341339 0.336866 0.344429 0.300303 0.200555 0.118409 0.0860757 0.0907202 0.100182 
0.0843729 0.0657687 0.0572229 0.0756598 0.0943272 0.0715464 0.050846 0.0588446 0.0916095 0.112541 0.0973199 0.0814083 0.091353 0.118106 0.12831 0.10466 0.0771967 0.064227 0.0707913 0.143194 0.306925 0.436554 0.451274 0.431862 0.430274 0.433773 0.434681 0.409137 0.334912 0.251351 0.196312 0.18628 0.197929 
0.0661245 0.0475144 0.0458807 0.0785955 0.121845 0.11817 0.104767 0.112428 0.127352 0.119599 0.0951021 0.0862106 0.0879408 0.0981615 0.110593 0.0928532 0.0597664 0.0462493 0.0608594 0.144563 0.315888 0.439156 0.442034 0.412308 0.39691 0.395079 0.409531 0.434396 0.435327 0.397256 0.339044 0.312405 0.317993 
0.0541843 0.0429227 0.0481188 0.0878129 0.133113 0.148504 0.163084 0.182388 0.182032 0.142869 0.0943428 0.0714564 0.0592332 0.0614831 0.0755703 0.0664273 0.0368019 0.0250848 0.046048 0.133772 0.289521 0.387943 0.382638 0.333292 0.296875 0.293529 0.314326 0.364321 0.416197 0.425261 0.411236 0.422924 0.44451 
0.0419843 0.0440156 0.0589269 0.0945389 0.125375 0.152098 0.192472 0.235065 0.252901 0.207198 0.127867 0.0776461 0.0572958 0.0558965 0.0575661 0.0498762 0.0346879 0.0295958 0.0545779 0.129345 0.237177 0.298785 0.316993 0.31363 0.307631 0.303251 0.290521 0.303346 0.323774 0.320161 0.346719 0.43167 0.502273 
0.0306602 0.0496404 0.0795334 0.103494 0.113708 0.142234 0.197045 0.255971 0.292545 0.261017 0.17669 0.114303 0.0966324 0.0979678 0.0874775 0.0731377 0.068877 0.0787281 0.117348 0.180611 0.239492 0.257588 0.292039 0.367561 0.432517 0.425451 0.350339 0.2828 0.237944 0.216381 0.255239 0.361107 0.442435 
0.0376331 0.0692694 0.108785 0.115524 0.098719 0.1109 0.159341 0.230355 0.280165 0.25866 0.193054 0.15764 0.160132 0.169592 0.16469 0.144285 0.140731 0.175578 0.238956 0.292146 0.3138 0.290237 0.301737 0.395846 0.505384 0.499922 0.37686 0.24518 0.167907 0.155812 0.196753 0.276264 0.327094 
0.0572339 0.075891 0.0959873 0.0932655 0.0757667 0.0831963 0.121696 0.188276 0.241512 0.230977 0.194847 0.2086 0.236965 0.235621 0.23104 0.214656 0.210719 0.260476 0.329151 0.362003 0.365067 0.325096 0.299284 0.353767 0.455085 0.451055 0.314372 0.169725 0.0943861 0.0937024 0.138717 0.196634 0.224937 
0.0782407 0.0611438 0.0478439 0.0404398 0.0415567 0.0614676 0.0934533 0.129446 0.17004 0.191024 0.194363 0.247807 0.307274 0.298968 0.27564 0.266001 0.273172 0.322327 0.375942 0.386811 0.372438 0.324 0.280999 0.307622 0.371189 0.344828 0.220629 0.101412 0.0410232 0.0402084 0.0769751 0.125863 0.159604 
0.101882 0.0606239 0.0251418 0.0107994 0.0127721 0.0317673 0.062545 0.0855341 0.118284 0.164933 0.195643 0.255866 0.337963 0.366264 0.358814 0.371322 0.389443 0.41624 0.443071 0.437243 0.395558 0.316299 0.260589 0.264421 0.270724 0.215656 0.123961 0.0490869 0.0136192 0.0125766 0.0363054 0.0864262 0.143684 
0.133147 0.0850828 0.0309265 0.00710744 0.00390463 0.0134205 0.0446318 0.0765519 0.11125 0.176648 0.228736 0.284039 0.373055 0.447225 0.482303 0.52054 0.543128 0.529075 0.508973 0.492173 0.446887 0.332465 0.243176 0.208573 0.164385 0.102402 0.0504735 0.0171533 0.00228211 0.00178565 0.0189245 0.0779729 0.152727 
0.167403 0.112141 0.0436136 0.0108207 0.00291492 0.00752163 0.03811 0.0819385 0.124961 0.211703 0.290259 0.349025 0.449961 0.559947 0.621733 0.655559 0.664922 0.608657 0.54196 0.528441 0.502942 0.363435 0.241474 0.178918 0.107875 0.0494829 0.021871 0.00841166 0.000565949 0.000272919 0.0180332 0.0899682 0.169855 
