terrain
33 33
0.238063 0.246852 0.277122 0.333899 0.403008 0.45062 0.461664 0.465346 0.445977 0.355891 0.239581 0.192911 0.231116 0.309436 0.409066 0.532798 0.651538 0.727216 0.735194 0.704044 0.688555 0.697232 0.74754 0.792821 0.824593 0.896238 0.972069 0.988831 0.901612 0.739563 0.570444 0.435595 0.357451 
0.229695 0.25413 0.28461 0.32833 0.379462 0.387351 0.359231 0.353947 0.352577 0.298187 0.222749 0.201629 0.245118 0.309041 0.39117 0.498324 0.599 0.666231 0.693009 0.681693 0.670724 0.686074 0.733538 0.778535 0.803364 0.853076 0.905414 0.915974 0.829636 0.67111 0.536703 0.450964 0.405472 
0.184094 0.233236 0.277064 0.302277 0.320275 0.290786 0.234555 0.224556 0.242654 0.227932 0.19726 0.20334 0.240699 0.263981 0.308691 0.406305 0.518023 0.613937 0.685983 0.703573 0.700033 0.711793 0.746703 0.795882 0.82332 0.857015 0.890339 0.882481 0.78569 0.626597 0.510969 0.458359 0.436184 
0.138722 0.190397 0.239263 0.251253 0.236073 0.189022 0.141469 0.14351 0.169513 0.170161 0.162222 0.18477 0.221431 0.220764 0.231916 0.307483 0.428523 0.576926 0.716966 0.779939 0.773686 0.746571 0.767862 0.8406 0.894494 0.923744 0.943711 0.919124 0.802666 0.61754 0.482664 0.428181 0.409613 
0.122356 0.153109 0.184495 0.188683 0.165067 0.126932 0.100619 0.112061 0.132878 0.131021 0.128089 0.155295 0.195253 0.201221 0.202017 0.247459 0.348964 0.508692 0.678202 0.775619 0.769183 0.718981 0.746286 0.838214 0.924415 0.979859 1 0.949778 0.807286 0.605173 0.448505 0.381584 0.373275 
0.118348 0.128812 0.138467 0.132725 0.122629 0.112201 0.0991616 0.103997 0.114887 0.1122 0.111806 0.131536 0.15389 0.161841 0.171743 0.199669 0.255337 0.358985 0.491068 0.590252 0.626182 0.637987 0.702269 0.782558 0.855616 0.935223 0.951169 0.8539 0.701551 0.547501 0.423367 0.367386 0.380367 
0.106261 0.118758 0.119949 0.102448 0.102272 0.118611 0.118214 0.108911 0.103999 0.100014 0.104382 0.116089 0.117781 0.111805 0.119339 0.138075 0.158694 0.20219 0.276579 0.350142 0.428029 0.537709 0.669597 0.746369 0.776221 0.820568 0.793393 0.655006 0.515069 0.434344 0.383067 0.367334 0.402509 
0.0870873 0.115617 0.125168 0.105733 0.102708 0.119515 0.125995 0.112769 0.0936296 0.0826675 0.0908773 0.106576 0.108565 0.0974535 0.0952577 0.101182 0.105478 0.12299 0.165066 0.212392 0.292219 0.447881 0.637726 0.734342 0.731826 0.705843 0.613871 0.468289 0.369906 0.346716 0.350969 0.367536 0.406902 
0.0729736 0.0987345 0.110691 0.101397 0.0959293 0.0986783 0.0979753 0.0882238 0.0712076 0.0622477 0.0720366 0.0930263 0.110782 0.115923 0.113483 0.105531 0.0958094 0.104385 0.134929 0.170491 0.236872 0.372611 0.551717 0.651365 0.631386 0.562014 0.459813 0.360618 0.314526 0.320102 0.350048 0.391708 0.437832 
0.0742284 0.0788429 0.0737877 0.0675808 0.0670771 0.0670025 0.0594943 0.051129 0.044321 0.0457315 0.0576637 0.0760009 0.103746 0.135235 0.14966 0.137529 0.11495 0.118331 0.142894 0.166191 0.208728 0.296241 0.412121 0.472671 0.44725 0.400929 0.35078 0.307588 0.294208 0.309477 0.358812 0.429006 0.488528 
0.0663666 0.0617929 0.0484975 0.0389576 0.0354004 0.0338078 0.0275993 0.0217972 0.02184 0.0312193 0.0484285 0.067514 0.0940297 0.132256 0.16397 0.165501 0.143531 0.141693 0.157456 0.160856 0.170252 0.213945 0.280284 0.317354 0.313525 0.30375 0.287334 0.266446 0.264946 0.284844 0.344914 0.430261 0.500539 
0.0382574 0.0385005 0.0311355 0.0227108 0.0154969 0.0117988 0.00819234 0.00489083 0.00623099 0.0152301 0.0339399 0.0596759 0.0846962 0.107852 0.140695 0.169055 0.167035 0.161052 0.162792 0.149096 0.135505 0.152522 0.19623 0.234739 0.254862 0.262411 0.259124 0.251515 0.252758 0.269518 0.327157 0.415983 0.499933 
0.0175023 0.0209222 0.0186581 0.0126195 0.00707674 0.00444224 0.00190698 0.000231292 0.000455109 0.00410569 0.0164156 0.0419574 0.0689133 0.0861873 0.116433 0.1581 0.179778 0.181471 0.173257 0.15316 0.133639 0.140629 0.171886 0.199051 0.211648 0.22355 0.239895 0.253881 0.256871 0.268125 0.319016 0.403959 0.495825 
0.0154081 0.0175157 0.0133011 0.00551245 0.0021735 0.0018614 0.000716107 0 8.31871e-06 0.00116869 0.00775392 0.0278005 0.0544537 0.0742681 0.10232 0.142451 0.178865 0.19866 0.20075 0.196253 0.190276 0.198177 0.210411 0.199231 0.18173 0.189966 0.216023 0.23959 0.248493 0.26981 0.321037 0.395522 0.483577 
0.0301568 0.0278015 0.0168433 0.00514086 0.00197182 0.00230679 0.00126648 0.000256863 0.000124705 0.000497795 0.00401887 0.0196358 0.0441918 0.0614592 0.0831129 0.122759 0.173107 0.210625 0.234654 0.267983 0.302029 0.31775 0.298903 0.238361 0.185469 0.179526 0.203843 0.226779 0.237287 0.268267 0.320314 0.37296 0.434688 
0.0608208 0.0502197 0.0334096 0.0180418 0.0133067 0.0115924 0.00541609 0.00224607 0.00124486 0.000660135 0.00152156 0.00854055 0.0240208 0.0375502 0.0573175 0.0997473 0.160829 0.214044 0.26382 0.333247 0.401344 0.418929 0.373739 0.289264 0.227284 0.212586 0.223131 0.232769 0.241337 0.273664 0.318712 0.348392 0.374464 
0.108267 0.0880998 0.0692832 0.0523903 0.043844 0.0315017 0.0150864 0.0100834 0.00926628 0.00460606 0.00108209 0.00136296 0.0062496 0.017054 0.0402601 0.0872443 0.148278 0.198309 0.255261 0.347084 0.436353 0.454188 0.402693 0.337299 0.3034 0.284739 0.256885 0.234619 0.235666 0.26621 0.309777 0.343195 0.36025 
0.160628 0.142872 0.121061 0.0906304 0.0678612 0.0462427 0.0304092 0.0305268 0.0306549 0.0153639 0.00234123 0.00030027 0.00229695 0.0128555 0.0402971 0.0950557 0.160983 0.200308 0.235985 0.31924 0.410295 0.425983 0.378917 0.34019 0.33751 0.324544 0.275358 0.240744 0.235557 0.254282 0.301719 0.359615 0.391108 
0.188505 0.185352 0.162883 0.117974 0.0851753 0.0633503 0.0535522 0.058345 0.0555701 0.0311759 0.00841231 0.00329844 0.00829633 0.0244424 0.0535869 0.108194 0.176148 0.211267 0.227547 0.281847 0.343332 0.347339 0.309326 0.29221 0.314396 0.321304 0.291084 0.278585 0.275344 0.269729 0.308641 0.379244 0.424356 
0.189109 0.190496 0.177321 0.145335 0.119437 0.0983274 0.0860236 0.0865407 0.0774405 0.0533193 0.0286694 0.0239566 0.0356974 0.0531613 0.0754639 0.11788 0.167849 0.191217 0.199423 0.230715 0.27045 0.279091 0.265757 0.281678 0.329929 0.343316 0.323508 0.328924 0.328447 0.298777 0.316758 0.377111 0.418708 
0.194788 0.195426 0.191621 0.174162 0.159883 0.14874 0.134295 0.122255 0.103365 0.0858836 0.0694572 0.0691846 0.0831341 0.0949582 0.111031 0.143037 0.169152 0.169043 0.170574 0.193073 0.228113 0.255079 0.276654 0.332325 0.404207 0.408237 0.376907 0.37579 0.366499 0.326105 0.329584 0.374414 0.408462 
0.204907 0.20782 0.207741 0.195307 0.198682 0.218581 0.21379 0.182896 0.15039 0.141959 0.135747 0.131228 0.140654 0.148196 0.161385 0.190442 0.203239 0.185009 0.179665 0.19711 0.229145 0.27108 0.318715 0.38394 0.440272 0.427051 0.388211 0.376526 0.367758 0.345862 0.354298 0.389675 0.418873 
0.236642 0.233077 0.228191 0.223175 0.254524 0.302303 0.298584 0.252405 0.217945 0.223292 0.224514 0.209459 0.204156 0.193986 0.19594 0.22676 0.243141 0.224349 0.217078 0.231582 0.265158 0.311067 0.356832 0.394848 0.421035 0.412979 0.384236 0.364834 0.35838 0.349159 0.350577 0.368402 0.388088 
0.30804 0.291481 0.274843 0.28088 0.331981 0.365459 0.342165 0.309193 0.302296 0.321034 0.326854 0.316545 0.298927 0.257444 0.230596 0.245649 0.264043 0.261121 0.271962 0.304172 0.357344 0.393897 0.394936 0.38598 0.40425 0.431233 0.435328 0.42296 0.405671 0.36781 0.330571 0.320352 0.323849 
0.359664 0.344246 0.32611 0.345083 0.394599 0.403139 0.38765 0.399893 0.436564 0.457461 0.452895 0.454889 0.434994 0.364859 0.30177 0.289172 0.297438 0.294954 0.315633 0.373611 0.449817 0.466506 0.417168 0.383028 0.405311 0.4546 0.501401 0.523157 0.488566 0.400335 0.319903 0.285808 0.280402 
0.315016 0.332109 0.350281 0.392047 0.428473 0.425727 0.439855 0.500138 0.571856 0.592469 0.575314 0.585657 0.573312 0.489028 0.400555 0.364542 0.352927 0.325785 0.325047 0.380288 0.452621 0.461992 0.416319 0.404139 0.441445 0.488613 0.539158 0.57502 0.533608 0.423266 0.317309 0.268513 0.264919 
0.24077 0.273808 0.325236 0.393066 0.434295 0.437406 0.464018 0.539982 0.614647 0.628977 0.621819 0.649771 0.645549 0.556003 0.455237 0.398257 0.370317 0.338494 0.320002 0.342539 0.387507 0.414345 0.413534 0.437311 0.497435 0.54018 0.555975 0.570485 0.535213 0.435688 0.325752 0.265604 0.256939 
0.206834 0.223139 0.272316 0.3402 0.386644 0.416094 0.465028 0.546011 0.592707 0.579835 0.590345 0.643869 0.642633 0.540727 0.41642 0.336222 0.303589 0.30423 0.312528 0.315269 0.337677 0.38727 0.423595 0.451631 0.50599 0.541495 0.532586 0.526954 0.497792 0.419245 0.323715 0.252544 0.221503 
0.237876 0.231223 0.251468 0.287375 0.323243 0.378305 0.454153 0.539284 0.573708 0.561659 0.581599 0.625023 0.609194 0.50157 0.363851 0.267668 0.226119 0.239346 0.277692 0.293133 0.324844 0.401937 0.45507 0.454154 0.462442 0.472994 0.451654 0.436579 0.415289 0.36798 0.309757 0.249495 0.208242 
0.296546 0.287905 0.277308 0.279608 0.318747 0.395023 0.473365 0.533033 0.561381 0.576497 0.588422 0.578984 0.533653 0.438194 0.329174 0.248307 0.204718 0.202695 0.230869 0.256245 0.301606 0.385159 0.442835 0.4319 0.413539 0.410012 0.381524 0.351492 0.327322 0.313657 0.302579 0.272818 0.246111 
0.303904 0.312899 0.298793 0.30119 0.359177 0.439982 0.501375 0.53192 0.546459 0.570077 0.562398 0.520618 0.469942 0.391195 0.314973 0.262645 0.231445 0.210289 0.210915 0.233908 0.272368 0.328068 0.378862 0.396227 0.404083 0.415237 0.3853 0.330232 0.283633 0.278603 0.288901 0.279009 0.270828 
0.271637 0.288927 0.293149 0.312161 0.363046 0.425242 0.48883 0.53768 0.568799 0.598025 0.571244 0.509787 0.459855 0.402988 0.341977 0.2935 0.268253 0.237345 0.218515 0.225929 0.242016 0.280973 0.343948 0.40067 0.437457 0.457136 0.420734 0.342593 0.273126 0.257542 0.266235 0.260305 0.254576 
0.245968 0.262018 0.282427 0.306327 0.33364 0.391169 0.48324 0.565581 0.624316 0.670441 0.633474 0.540609 0.475915 0.438369 0.3803 0.317987 0.290075 0.257798 0.231479 0.222827 0.219786 0.2592 0.34703 0.431513 0.473669 0.489763 0.450668 0.365291 0.284316 0.255251 0.259135 0.254875 0.245109 
