terrain
65 65
0.0824339 0.0739823 0.0714509 0.0798404 0.0965186 0.113846 0.136663 0.163999 0.177136 0.171128 0.160206 0.155803 0.151537 0.133623 0.114567 0.0981757 0.0819241 0.0710394 0.0584805 0.0397834 0.0244394 0.0139119 0.00523352 0.00153902 0.00285003 0.0112605 0.0238471 0.031401 0.0366147 0.0393563 0.0370287 0.0409047 0.0555276 0.0647657 0.060674 0.0563036 0.055298 0.0593059 0.0634245 0.053124 0.0332268 0.0178112 0.00809633 0.00489694 0.0108783 0.0320551 0.059017 0.0725338 0.0736078 0.0730761 0.0680545 0.0629569 0.0602603 0.0602332 0.0632654 0.0648785 0.0636436 0.0618127 0.073095 0.108434 0.149765 0.165654 0.152591 0.132951 0.114298 
0.0922234 0.0839121 0.0820097 0.0845393 0.0884829 0.0954572 0.11176 0.137234 0.153282 0.151839 0.137952 0.12364 0.118847 0.113651 0.10451 0.0935938 0.080181 0.0712943 0.0646611 0.0511853 0.0342432 0.0193895 0.00933441 0.00480124 0.0056131 0.0117558 0.0221793 0.0320762 0.0407666 0.045514 0.0437428 0.0476599 0.061596 0.0703404 0.0665882 0.0615269 0.0592585 0.0628221 0.0636853 0.0507275 0.0313248 0.0152385 0.00685936 0.00528166 0.0106738 0.0276647 0.0517567 0.0679913 0.0725107 0.0742155 0.0731276 0.0749532 0.0784939 0.0802134 0.0868522 0.0928536 0.0872368 0.0753515 0.0781189 0.111293 0.160609 0.185278 0.170186 0.143831 0.122715 
0.0883122 0.0865291 0.0908785 0.0867698 0.0753293 0.0754659 0.0925893 0.116106 0.123196 0.112723 0.0987275 0.0894761 0.0915709 0.0961086 0.0938593 0.0854323 0.0715537 0.063357 0.0628054 0.0548411 0.0359927 0.0183362 0.00988725 0.00765517 0.00896948 0.0136167 0.0227894 0.0327845 0.0429359 0.0491604 0.0476778 0.0513998 0.0648199 0.0736098 0.0691266 0.0631927 0.0638382 0.0688488 0.0627531 0.0453165 0.0287279 0.0150747 0.00801432 0.00701523 0.0115455 0.0267621 0.0480764 0.061768 0.0687002 0.0758721 0.0856272 0.0995738 0.107213 0.108417 0.121612 0.133382 0.121549 0.0972347 0.0863495 0.109993 0.160046 0.197938 0.192521 0.161597 0.133926 
0.0616998 0.0699603 0.0852641 0.0843075 0.069411 0.0670301 0.0818281 0.0947208 0.0870911 0.070798 0.0649096 0.0707563 0.0823739 0.0846726 0.0741228 0.0618623 0.0508984 0.048477 0.0538182 0.0488688 0.0308785 0.0146269 0.00686089 0.005061 0.00689117 0.0120453 0.020436 0.0279523 0.0362827 0.04115 0.0399924 0.0428233 0.05197 0.0572703 0.0545575 0.055544 0.0644657 0.0687391 0.0544017 0.0365206 0.0276233 0.0220084 0.0168969 0.0143498 0.0176799 0.0324512 0.0483497 0.0550255 0.0625996 0.0757424 0.0947756 0.117889 0.129576 0.133532 0.153474 0.165027 0.144354 0.111574 0.088493 0.0990636 0.14326 0.192698 0.208389 0.188607 0.162129 
0.0334191 0.0466478 0.0707107 0.0825613 0.0756681 0.0705984 0.0759411 0.0755179 0.0598583 0.0465064 0.0500805 0.0676878 0.0844054 0.0781567 0.0561857 0.0413734 0.034379 0.0344052 0.0411059 0.0413037 0.0290294 0.0150501 0.00566341 0.0021332 0.00259778 0.00661485 0.0122037 0.0150706 0.0186579 0.0221436 0.0242916 0.0281424 0.0319302 0.032708 0.0349608 0.0480587 0.0659494 0.0675723 0.0501201 0.0352899 0.0334792 0.0382298 0.0380268 0.0323476 0.0320183 0.0430453 0.0520988 0.0567602 0.0692522 0.0891454 0.107943 0.12525 0.137999 0.149414 0.174034 0.183138 0.159388 0.12952 0.106266 0.11328 0.157686 0.212466 0.2384 0.231426 0.215923 
0.0221196 0.0345869 0.0574611 0.0739096 0.0740329 0.0694318 0.0692543 0.0626374 0.0470961 0.039108 0.049608 0.0723182 0.0846242 0.0731101 0.052602 0.0405145 0.0346845 0.0301206 0.0303549 0.0332449 0.0278272 0.0164388 0.0066768 0.00211931 0.00174503 0.00373797 0.00594456 0.00664337 0.00767 0.0099454 0.0125699 0.0149151 0.0155944 0.0166803 0.0242978 0.0463879 0.0704296 0.0740167 0.0605214 0.0468763 0.0461085 0.0586002 0.0660993 0.0580491 0.0502194 0.0539628 0.0627363 0.0765513 0.0997257 0.124608 0.137027 0.140042 0.147047 0.162483 0.188298 0.199187 0.184153 0.166559 0.156817 0.175846 0.229638 0.287991 0.314301 0.306626 0.294211 
0.0153168 0.0254054 0.0406149 0.0520902 0.0557501 0.0566608 0.0568171 0.0494832 0.0400672 0.0404957 0.0563641 0.0773994 0.0803554 0.0676719 0.0551224 0.0493562 0.0471588 0.0383381 0.028148 0.0249881 0.0216157 0.015816 0.00985696 0.00522322 0.00379071 0.00369758 0.00376397 0.00472504 0.00624036 0.00721016 0.00682612 0.00644723 0.00646764 0.00874365 0.0178834 0.0422426 0.0706715 0.083105 0.0774929 0.0635202 0.0593017 0.0762844 0.0936112 0.0862739 0.0725075 0.0727345 0.0889345 0.115839 0.143932 0.160175 0.16066 0.15333 0.157772 0.178393 0.210016 0.232145 0.231936 0.222811 0.229188 0.276356 0.352639 0.41907 0.445497 0.432018 0.409636 
0.010264 0.0180708 0.0277283 0.0344396 0.0381965 0.0419312 0.0430452 0.041555 0.0419991 0.0483303 0.062882 0.080437 0.0814791 0.0673918 0.0555388 0.0544586 0.0590537 0.0512412 0.0327218 0.0212213 0.0171627 0.0168177 0.0154662 0.0106402 0.00726055 0.00472978 0.00342596 0.00449945 0.00688896 0.00610344 0.00297295 0.0017262 0.00175118 0.00369031 0.0112863 0.0326304 0.0615273 0.0790918 0.0778834 0.0667467 0.0632866 0.084623 0.112253 0.112393 0.106423 0.116604 0.144634 0.176505 0.193034 0.184229 0.166782 0.1578 0.169675 0.202198 0.254289 0.301621 0.314043 0.299919 0.312318 0.383843 0.48365 0.565212 0.599454 0.587412 0.553675 
0.00900191 0.0136942 0.0204522 0.0250947 0.0265436 0.0302636 0.0348468 0.0428656 0.0521824 0.0599901 0.0679356 0.0791805 0.0826064 0.0696884 0.0541506 0.054265 0.0650653 0.060722 0.0390445 0.0227352 0.0174522 0.0188598 0.0183846 0.0113635 0.00628897 0.00378233 0.00296709 0.00426411 0.00679845 0.00549326 0.00156304 0.000223599 0.000235814 0.00181236 0.00848883 0.0249226 0.0468709 0.0606248 0.0607128 0.0555012 0.0572986 0.0824811 0.119971 0.136919 0.150991 0.175512 0.203227 0.225328 0.232529 0.215595 0.192618 0.186986 0.20914 0.255164 0.326261 0.391656 0.403762 0.37925 0.392924 0.465708 0.56922 0.667952 0.720543 0.711162 0.668556 
0.00679274 0.00801801 0.0131329 0.0210747 0.0253776 0.0292987 0.0370676 0.0516469 0.0642394 0.0697909 0.0721836 0.075399 0.0806607 0.0751686 0.0577685 0.0535108 0.0629475 0.0582762 0.0381046 0.0226032 0.015509 0.0139813 0.012835 0.00677749 0.00240361 0.00136677 0.00191263 0.00415948 0.00625809 0.00549243 0.00226625 0.000336426 0.000296945 0.00311284 0.0124693 0.0259939 0.0370731 0.0426125 0.0436144 0.0439627 0.0508 0.0769784 0.117245 0.148165 0.179368 0.212443 0.233249 0.251977 0.273214 0.27896 0.269845 0.271726 0.303197 0.353333 0.412847 0.46094 0.466739 0.447021 0.460181 0.515981 0.612278 0.727466 0.795015 0.777664 0.728455 
0.00272145 0.00331927 0.00830851 0.0207742 0.0324425 0.0384327 0.0454447 0.0587822 0.0710214 0.0760367 0.0776517 0.0780905 0.0849446 0.0852604 0.0666883 0.0529573 0.0526021 0.0443694 0.0274503 0.0167078 0.0106946 0.00709708 0.00591298 0.00337863 0.000955383 0.000490025 0.00118518 0.0031999 0.00390249 0.00344382 0.00257265 0.00121158 0.00124269 0.00618735 0.0189946 0.0307184 0.0347032 0.0366589 0.0404546 0.0456812 0.0542581 0.0719353 0.100243 0.133967 0.174299 0.216405 0.250763 0.290858 0.344052 0.386816 0.394419 0.394974 0.423305 0.460696 0.485317 0.495261 0.496191 0.491634 0.505252 0.562207 0.67213 0.798579 0.863658 0.840596 0.797218 
0.00200704 0.00325983 0.00856487 0.0217359 0.0384602 0.0484277 0.0519876 0.0579424 0.0690104 0.0803742 0.0874663 0.0888025 0.0931173 0.0928296 0.074191 0.0508789 0.0399571 0.0307939 0.018517 0.0121437 0.00881903 0.00518694 0.00372168 0.00276544 0.00110787 0.000314444 0.000283333 0.000857141 0.00104314 0.000874184 0.00115776 0.00175271 0.00303718 0.00934299 0.02255 0.0315298 0.0352289 0.042217 0.0530762 0.0647233 0.0715885 0.0734968 0.0848925 0.113453 0.15467 0.209043 0.271998 0.336378 0.41251 0.484924 0.505067 0.497629 0.508834 0.525917 0.532321 0.52511 0.517782 0.51584 0.534023 0.615534 0.751795 0.879968 0.945819 0.939737 0.911008 
0.00546781 0.00759249 0.0128488 0.0246759 0.0427216 0.0547542 0.0567552 0.0576196 0.0668376 0.0827095 0.0944517 0.0960638 0.0941433 0.0896012 0.073727 0.0492847 0.0332919 0.024701 0.0172154 0.0132573 0.0117082 0.00894401 0.00726321 0.00652975 0.00356774 0.0006681 0 2.62137e-06 0.000114009 4.95267e-05 0.000126689 0.00142756 0.00507735 0.0125207 0.0228381 0.027565 0.0334903 0.0493201 0.0722331 0.094688 0.10022 0.0885745 0.0905247 0.119041 0.162828 0.22243 0.292232 0.353991 0.431968 0.513751 0.544622 0.54723 0.560443 0.572432 0.582574 0.573835 0.552258 0.550625 0.579223 0.667336 0.793421 0.910892 0.988878 1 0.972436 
0.0101175 0.0112508 0.014496 0.0231548 0.0386382 0.0540495 0.0641165 0.0675211 0.0735535 0.0862155 0.0969961 0.0975173 0.0922057 0.0861641 0.0753154 0.0568387 0.0399529 0.0316336 0.0265134 0.0226381 0.02158 0.0199202 0.017337 0.016096 0.0115699 0.00405776 0.000479781 0.000253229 0.000936464 0.000639527 0.000429455 0.00244739 0.00856928 0.0167857 0.0233458 0.0246747 0.0297272 0.0479014 0.0798892 0.112671 0.124654 0.115466 0.118139 0.152957 0.204115 0.25708 0.309365 0.353536 0.415811 0.479053 0.509331 0.536751 0.579057 0.607899 0.620969 0.608257 0.584873 0.594235 0.632603 0.69526 0.767467 0.856532 0.941268 0.95608 0.919304 
0.00996998 0.00944846 0.0111019 0.0155323 0.0253916 0.0435555 0.0643434 0.0744907 0.0784355 0.0865068 0.0962751 0.101457 0.100172 0.0944243 0.0883188 0.0791527 0.0657607 0.0561533 0.0474578 0.0402577 0.0387956 0.0377992 0.0330223 0.031701 0.0297262 0.0180858 0.00782862 0.00514536 0.0064516 0.00591318 0.00510487 0.00915862 0.0166974 0.0234569 0.0272595 0.0268381 0.0272662 0.0390236 0.0686747 0.10566 0.129046 0.134893 0.146454 0.18843 0.244541 0.286286 0.320939 0.356889 0.408324 0.450199 0.472709 0.519979 0.597923 0.647616 0.644259 0.617741 0.606702 0.628055 0.665391 0.700191 0.727529 0.784487 0.860066 0.872973 0.834687 
0.00731713 0.0069503 0.00839925 0.0106794 0.015914 0.0307824 0.0539551 0.072715 0.0808563 0.0840493 0.090285 0.102159 0.108238 0.103443 0.099493 0.0992423 0.0945259 0.0817242 0.0642352 0.0549131 0.0573402 0.057611 0.0498267 0.0486778 0.05165 0.041855 0.0262055 0.0168352 0.0149918 0.0169743 0.0209501 0.0284231 0.0327101 0.0343971 0.0375999 0.0391896 0.0354013 0.0393098 0.0609627 0.0957775 0.121608 0.135108 0.157063 0.207917 0.266572 0.300977 0.32582 0.358047 0.406304 0.447929 0.484402 0.552945 0.647516 0.694286 0.670466 0.639085 0.641573 0.671727 0.700995 0.715975 0.728839 0.763728 0.808403 0.805205 0.770482 
0.00545136 0.00518653 0.00586838 0.00759295 0.0111407 0.0217354 0.0425153 0.0692317 0.0865472 0.086343 0.0849738 0.0940237 0.100895 0.0978527 0.0923632 0.0920248 0.0942953 0.0867041 0.0721304 0.0689718 0.0799359 0.0830117 0.0718268 0.0672798 0.0678752 0.0595339 0.0428493 0.0279055 0.0236851 0.0332053 0.0491046 0.0583078 0.0555718 0.0532794 0.0588389 0.0653644 0.0596467 0.0581441 0.0719471 0.0969135 0.117389 0.13677 0.168839 0.22346 0.273977 0.296006 0.313694 0.345825 0.393264 0.449098 0.518044 0.598757 0.673717 0.701888 0.685518 0.67563 0.69001 0.719691 0.734286 0.730019 0.737141 0.751427 0.750277 0.72351 0.696011 
0.00663321 0.00538967 0.00471934 0.00641374 0.0112213 0.0204059 0.0351624 0.0594488 0.0811025 0.0853375 0.0820735 0.0826005 0.0829764 0.079219 0.0712658 0.068667 0.0720748 0.0714231 0.0704591 0.0831563 0.106929 0.11547 0.101282 0.0900601 0.0822104 0.0688548 0.0523512 0.0402046 0.0407399 0.0585152 0.0800233 0.0830613 0.0748631 0.0733591 0.0823795 0.0941944 0.0921319 0.0911757 0.0978166 0.106243 0.118124 0.141981 0.178329 0.225994 0.26447 0.283054 0.307562 0.353967 0.40534 0.463863 0.542047 0.606056 0.64005 0.656987 0.666997 0.679413 0.703819 0.733309 0.742662 0.730043 0.721947 0.706883 0.671618 0.642667 0.627621 
0.014184 0.010714 0.00877684 0.0107916 0.0173572 0.0268345 0.0374717 0.0547982 0.0706206 0.0775164 0.0771611 0.0714186 0.0640014 0.0574732 0.051394 0.0519246 0.0559874 0.0566435 0.0617825 0.0823927 0.113622 0.132083 0.123401 0.108678 0.093981 0.075404 0.0611653 0.0590513 0.0700634 0.0894485 0.104025 0.101153 0.0930078 0.0919812 0.101162 0.116488 0.123874 0.129692 0.131713 0.1238 0.123975 0.143591 0.18011 0.226686 0.268171 0.301267 0.34251 0.402398 0.454355 0.506782 0.579288 0.621617 0.617289 0.614585 0.630432 0.640762 0.66231 0.6876 0.699452 0.691031 0.669942 0.637174 0.598774 0.582874 0.577244 
0.023048 0.0194009 0.0188633 0.0204113 0.0238742 0.0326422 0.046151 0.0622193 0.0711843 0.0740026 0.0714989 0.0615403 0.0503367 0.042411 0.0393891 0.0438713 0.0498009 0.050039 0.0526212 0.0688195 0.0984524 0.123384 0.12324 0.110041 0.0955854 0.075542 0.0623187 0.068605 0.0895184 0.109505 0.121776 0.122832 0.11345 0.103363 0.106091 0.123572 0.143951 0.162478 0.168524 0.15093 0.138012 0.149219 0.186127 0.241575 0.29772 0.351493 0.403856 0.454986 0.500075 0.56341 0.644753 0.674497 0.630968 0.584458 0.572489 0.561581 0.567793 0.591145 0.608124 0.604521 0.585895 0.562262 0.544684 0.537216 0.531075 
0.0326474 0.029551 0.0290401 0.0267726 0.0244747 0.0317625 0.0506374 0.0719183 0.0775605 0.0699085 0.060439 0.0505901 0.0408104 0.0333141 0.032678 0.0390573 0.045955 0.0490482 0.0533016 0.0679461 0.0937927 0.11426 0.114429 0.100669 0.0851069 0.0657866 0.0531187 0.0618804 0.0873694 0.111773 0.13231 0.14277 0.131211 0.111446 0.107923 0.129829 0.162997 0.19109 0.204823 0.186635 0.165305 0.167461 0.198123 0.257187 0.328746 0.405275 0.469722 0.508171 0.543828 0.606142 0.673654 0.685892 0.621134 0.546806 0.509251 0.48008 0.467972 0.482782 0.500308 0.510784 0.511701 0.504022 0.501969 0.498447 0.489321 
0.0592888 0.0529827 0.0445375 0.0329393 0.0257763 0.032279 0.0529042 0.0775511 0.0799401 0.0620499 0.0471531 0.0391514 0.0324043 0.0263605 0.0264793 0.0327254 0.0378776 0.0420283 0.0532282 0.0728927 0.0918593 0.100882 0.0978621 0.0805744 0.0595105 0.0444509 0.039831 0.0523461 0.0807974 0.110406 0.134816 0.141606 0.129558 0.115548 0.118493 0.152893 0.202155 0.235857 0.251 0.23885 0.218895 0.214324 0.23016 0.274621 0.346175 0.442111 0.526703 0.571336 0.605406 0.640653 0.656981 0.638421 0.581755 0.51848 0.471838 0.429907 0.399698 0.395695 0.409233 0.443189 0.47234 0.481951 0.48959 0.492113 0.484953 
0.103088 0.0917232 0.0692114 0.0436239 0.0304475 0.0358501 0.0556233 0.0764397 0.0749562 0.0552959 0.0383606 0.0299755 0.0240206 0.0186677 0.0182553 0.0250468 0.029891 0.0316834 0.0447344 0.0670497 0.0801141 0.0854182 0.082844 0.0610435 0.0364437 0.026173 0.0310403 0.0492793 0.0795554 0.111363 0.127752 0.119805 0.112493 0.117667 0.134986 0.179558 0.242933 0.285731 0.299959 0.297269 0.28782 0.281058 0.281729 0.302513 0.356063 0.455723 0.559425 0.625638 0.675494 0.694978 0.669032 0.619132 0.570077 0.516505 0.45489 0.396909 0.353852 0.340836 0.358898 0.409409 0.461492 0.491961 0.507088 0.505975 0.498176 
0.140985 0.121712 0.0855253 0.0519297 0.0365668 0.0399305 0.0568759 0.07088 0.0659836 0.0494149 0.0333654 0.0238683 0.0179635 0.0135188 0.0127982 0.0189721 0.0251824 0.0277443 0.040801 0.0623371 0.0728688 0.0801613 0.0810253 0.0566752 0.0289947 0.0203939 0.0302554 0.0496442 0.0730418 0.0975419 0.106374 0.0952363 0.097524 0.12332 0.155905 0.197128 0.254552 0.303631 0.329496 0.343794 0.35 0.347028 0.3424 0.352717 0.38733 0.470351 0.571683 0.649809 0.711296 0.729142 0.693035 0.636751 0.590555 0.532067 0.45101 0.36991 0.316014 0.30967 0.344558 0.400686 0.45532 0.488372 0.500582 0.492184 0.478954 
0.168116 0.140041 0.0988797 0.0680865 0.0541655 0.0530298 0.0637189 0.0721673 0.0643423 0.0465046 0.0302942 0.0223567 0.0186862 0.0161124 0.0150623 0.0180814 0.0224016 0.0273651 0.042935 0.0647674 0.0730756 0.0774255 0.0786841 0.0572255 0.0297857 0.0221695 0.033217 0.0487248 0.0597588 0.0689422 0.0744806 0.0739073 0.0881339 0.128799 0.171821 0.199195 0.233582 0.277163 0.322795 0.359191 0.374615 0.374268 0.373815 0.390045 0.421973 0.483574 0.555034 0.616678 0.66342 0.673818 0.65148 0.626716 0.60049 0.547944 0.460966 0.359258 0.291451 0.288556 0.340465 0.403456 0.43907 0.442799 0.44567 0.446867 0.437266 
0.185843 0.158545 0.123197 0.0974481 0.0827231 0.0775849 0.0829177 0.0865351 0.0760101 0.0563776 0.0404133 0.0343863 0.0308359 0.027702 0.025366 0.0242398 0.023844 0.0284916 0.0444125 0.0641102 0.0703822 0.0715312 0.0714426 0.0561504 0.0341865 0.0284026 0.0383459 0.049004 0.0508323 0.0481784 0.0501849 0.0596448 0.0845382 0.133483 0.18204 0.20001 0.211827 0.239164 0.28715 0.329756 0.343928 0.344052 0.347309 0.365314 0.402173 0.457048 0.505948 0.54898 0.575654 0.575565 0.567286 0.584392 0.595241 0.559714 0.472284 0.36211 0.285026 0.272023 0.325865 0.394933 0.409807 0.384025 0.379865 0.395331 0.39725 
0.182124 0.168256 0.144856 0.128293 0.119764 0.115573 0.114143 0.110537 0.10009 0.0822399 0.0659259 0.0558083 0.0471496 0.0419443 0.0390375 0.0361549 0.0312499 0.0305074 0.0392007 0.0521833 0.059582 0.0643248 0.0651985 0.0534865 0.0363859 0.0322019 0.0393326 0.0449007 0.0429992 0.0361727 0.0353492 0.0505472 0.0855415 0.139123 0.18721 0.204628 0.209807 0.231782 0.275919 0.312244 0.321071 0.316088 0.308827 0.313586 0.352778 0.4193 0.468389 0.498956 0.515779 0.514137 0.505594 0.535126 0.569265 0.546623 0.458392 0.347767 0.27502 0.263739 0.31432 0.373764 0.376958 0.338981 0.322353 0.332209 0.332427 
0.155074 0.155291 0.146628 0.149766 0.164512 0.169759 0.161513 0.146867 0.133066 0.112452 0.090451 0.0707201 0.0569792 0.0523693 0.0504692 0.0466912 0.0398935 0.0340005 0.0338831 0.0401642 0.0495214 0.0564264 0.0550682 0.0465006 0.0367313 0.0363344 0.0424659 0.0436532 0.0383521 0.0307069 0.0302197 0.0467583 0.0820591 0.130379 0.172657 0.201273 0.226292 0.260718 0.300103 0.322581 0.329231 0.320524 0.297026 0.292992 0.336532 0.411158 0.469496 0.490187 0.489047 0.478375 0.459885 0.477602 0.516648 0.51161 0.436302 0.330068 0.263373 0.264601 0.313259 0.353492 0.351311 0.308886 0.272019 0.258022 0.245902 
0.133598 0.140805 0.146424 0.162119 0.186125 0.198034 0.194066 0.179389 0.164515 0.13719 0.105152 0.0765984 0.0583682 0.0537667 0.0537304 0.0500871 0.0455189 0.0424642 0.041603 0.0456425 0.05275 0.0529652 0.0436135 0.0353206 0.0324018 0.0383304 0.0484086 0.0485176 0.0403917 0.0364901 0.0429431 0.0615501 0.0879488 0.120008 0.149623 0.187309 0.237724 0.28588 0.318247 0.328026 0.336862 0.331185 0.307087 0.313912 0.362045 0.425641 0.480354 0.4854 0.461014 0.444301 0.429109 0.437489 0.468539 0.472002 0.408421 0.311215 0.248939 0.254323 0.295951 0.31998 0.308687 0.263451 0.219309 0.195075 0.181989 
0.12818 0.139412 0.155325 0.166231 0.17199 0.178319 0.181372 0.173255 0.159737 0.134716 0.102387 0.0708524 0.049722 0.0440295 0.04475 0.0426787 0.0423047 0.0496898 0.05868 0.0633746 0.0606788 0.0491923 0.0352606 0.0273588 0.0266992 0.0343991 0.0444317 0.0468413 0.0449159 0.0528961 0.0732786 0.0974088 0.115881 0.130887 0.146776 0.182776 0.2363 0.281447 0.308581 0.320537 0.334043 0.336735 0.331379 0.357744 0.404551 0.445497 0.473482 0.452874 0.423298 0.426479 0.432966 0.430832 0.43165 0.416975 0.359422 0.281262 0.227092 0.223811 0.249957 0.26202 0.242996 0.204961 0.176057 0.164926 0.165327 
0.123909 0.13657 0.155735 0.161393 0.154716 0.153773 0.152338 0.139067 0.12101 0.101223 0.0770742 0.0510125 0.0346882 0.0316885 0.0315002 0.0294551 0.0308583 0.0441117 0.0620111 0.0687386 0.0617817 0.0476211 0.0363782 0.0306053 0.0279096 0.0294295 0.0330063 0.0390633 0.0477351 0.0676672 0.104927 0.145288 0.166188 0.166154 0.169746 0.201022 0.245758 0.280695 0.305417 0.32426 0.337861 0.340405 0.343991 0.373972 0.41818 0.455569 0.471118 0.441713 0.423573 0.447142 0.454993 0.42493 0.395292 0.362091 0.30451 0.235663 0.190222 0.184045 0.195 0.195232 0.182001 0.162453 0.154713 0.162456 0.179323 
0.122717 0.129132 0.142486 0.148523 0.143335 0.13764 0.130916 0.118194 0.099939 0.0776408 0.0554979 0.0377703 0.029004 0.0301847 0.0296767 0.0245749 0.0223055 0.0323114 0.0489211 0.0545023 0.0516282 0.045594 0.0405513 0.0372579 0.0333875 0.0304452 0.0307731 0.0388058 0.0545848 0.0851084 0.140433 0.200255 0.224051 0.210577 0.204026 0.228133 0.264197 0.300924 0.33407 0.353682 0.352857 0.336402 0.333487 0.360484 0.408445 0.461491 0.491247 0.475951 0.466973 0.484847 0.469016 0.416783 0.374813 0.32569 0.252968 0.184081 0.149772 0.147241 0.151371 0.150022 0.15123 0.147442 0.150314 0.162937 0.179822 
0.130864 0.131423 0.136889 0.136406 0.128387 0.118486 0.112688 0.114829 0.107537 0.0815497 0.0550337 0.0392617 0.0326517 0.0353477 0.0349931 0.027055 0.0215129 0.0269965 0.03718 0.0403975 0.0397752 0.038091 0.0360212 0.0349748 0.0360078 0.0398176 0.0469311 0.0590319 0.0807701 0.124509 0.19446 0.258439 0.274334 0.24904 0.230823 0.243445 0.274395 0.323084 0.377752 0.403264 0.387525 0.354441 0.348194 0.372648 0.415181 0.471682 0.515222 0.523397 0.521482 0.510797 0.461296 0.397802 0.345782 0.282285 0.205038 0.15091 0.131668 0.130189 0.129323 0.12965 0.141212 0.147423 0.150045 0.152099 0.156542 
0.125285 0.127367 0.129737 0.124088 0.113552 0.100512 0.0949431 0.109559 0.118412 0.0968064 0.0667246 0.0465922 0.0352299 0.0351944 0.0365197 0.0317064 0.0267838 0.0277027 0.0307285 0.0333799 0.0328986 0.0298153 0.0293283 0.0340594 0.045116 0.0643331 0.0856418 0.106827 0.139349 0.192476 0.259047 0.313917 0.330065 0.303884 0.267835 0.258377 0.287782 0.353174 0.425763 0.453683 0.437263 0.408078 0.401572 0.415411 0.439006 0.479553 0.522598 0.548245 0.550029 0.504723 0.422018 0.349569 0.294235 0.237595 0.177177 0.142014 0.133818 0.132412 0.127678 0.125174 0.134179 0.138001 0.13037 0.120176 0.118526 
0.105461 0.106615 0.106301 0.103696 0.100462 0.0911169 0.0857962 0.102019 0.117329 0.0996432 0.071105 0.0510089 0.0364135 0.033209 0.0364657 0.037543 0.035604 0.0312752 0.0258018 0.0259006 0.0275888 0.0292337 0.035778 0.0493597 0.0707047 0.103025 0.133405 0.162129 0.207243 0.266756 0.324979 0.374951 0.399385 0.378561 0.328179 0.293824 0.320687 0.404046 0.488915 0.511448 0.492855 0.468874 0.460844 0.465198 0.473713 0.500139 0.536424 0.559494 0.540302 0.466136 0.369211 0.290704 0.243383 0.21325 0.175742 0.151441 0.145911 0.13841 0.126438 0.116851 0.114495 0.106952 0.0921318 0.0821749 0.0827706 
0.0986768 0.0933772 0.088766 0.0906916 0.0957505 0.0928526 0.0862428 0.0929447 0.0982843 0.0771043 0.0536458 0.0429312 0.0366351 0.037691 0.0446023 0.0471054 0.0430281 0.0326133 0.0207818 0.0177386 0.0213041 0.0317093 0.0484054 0.0672976 0.0917706 0.126923 0.159381 0.189496 0.238935 0.304146 0.363173 0.41813 0.453707 0.440392 0.392095 0.35574 0.389436 0.483608 0.56834 0.581027 0.552702 0.523355 0.510207 0.502408 0.50015 0.530871 0.572652 0.579464 0.525696 0.436523 0.338182 0.256172 0.217208 0.207859 0.185488 0.163489 0.151909 0.128534 0.103984 0.0886323 0.081585 0.0742586 0.066465 0.0612552 0.0584452 
0.0976262 0.0866292 0.0806545 0.0882019 0.0991106 0.0969147 0.0833319 0.0769048 0.0717684 0.0515354 0.0328752 0.0276652 0.0303379 0.038299 0.049219 0.0537356 0.0493145 0.0350598 0.0196553 0.0140664 0.0169688 0.0287312 0.045978 0.0652974 0.0918677 0.127225 0.163028 0.195565 0.242596 0.306043 0.359805 0.411254 0.452422 0.448859 0.41991 0.411484 0.459257 0.537854 0.588706 0.581198 0.556076 0.546457 0.546098 0.529057 0.525081 0.573553 0.630565 0.623454 0.545814 0.447479 0.3384 0.24827 0.208522 0.201955 0.186925 0.169193 0.15068 0.114927 0.0802819 0.0580588 0.0509238 0.055111 0.0613792 0.0607276 0.0547235 
0.0888183 0.0842432 0.0812855 0.0881197 0.0964603 0.0873672 0.0672156 0.0556396 0.0499116 0.0371469 0.0226912 0.0173829 0.0208858 0.0303605 0.0437278 0.0548455 0.0560351 0.0420332 0.0250953 0.0172006 0.0193363 0.0280702 0.038479 0.0564403 0.0856817 0.117132 0.146506 0.176825 0.215285 0.262885 0.297591 0.337947 0.393245 0.417398 0.414407 0.431295 0.480635 0.529727 0.541439 0.521282 0.512797 0.534897 0.555952 0.547974 0.561218 0.618021 0.667312 0.649247 0.568929 0.470937 0.356031 0.256694 0.20812 0.19579 0.184053 0.168896 0.143771 0.10617 0.0701522 0.042764 0.034541 0.045159 0.0583013 0.0602974 0.0574611 
0.0847776 0.092252 0.0927472 0.0914717 0.0876893 0.0679961 0.047009 0.0375045 0.0336484 0.0279419 0.0200309 0.0156203 0.0171436 0.0253022 0.0399588 0.0554386 0.0616353 0.0517579 0.0353962 0.0249496 0.0248192 0.0293261 0.0346186 0.0519531 0.080654 0.101939 0.115553 0.13846 0.168509 0.193958 0.210197 0.245741 0.312288 0.361439 0.37768 0.399089 0.439166 0.478787 0.491801 0.48979 0.502315 0.532823 0.551843 0.554693 0.585611 0.630954 0.657509 0.649824 0.594885 0.50509 0.397269 0.303393 0.249999 0.226033 0.203559 0.174087 0.135911 0.0991283 0.068437 0.0403261 0.0292255 0.0367849 0.0471828 0.0490893 0.0489535 
0.0731397 0.0911349 0.0994215 0.0963664 0.0834087 0.055992 0.0358439 0.0279937 0.0259916 0.0265428 0.0262897 0.02358 0.0229227 0.0290899 0.0444051 0.0626939 0.0699765 0.0611743 0.0456271 0.0330338 0.0269454 0.0261786 0.0306074 0.048084 0.0724932 0.0869784 0.0942991 0.110835 0.133358 0.146643 0.160272 0.196673 0.256197 0.304757 0.326153 0.34288 0.377617 0.431326 0.47384 0.500891 0.529002 0.544625 0.535385 0.529127 0.568321 0.616285 0.63451 0.639572 0.618796 0.550605 0.459987 0.384464 0.330719 0.285464 0.243739 0.19874 0.145638 0.103929 0.0780885 0.0514159 0.0341008 0.0339234 0.0416148 0.0453851 0.0448556 
0.0522765 0.0766196 0.0954454 0.0945132 0.0789767 0.0534038 0.0359148 0.0282481 0.0286451 0.0368191 0.0440106 0.0430059 0.0408956 0.0451692 0.0590501 0.0795016 0.089581 0.0819828 0.0649709 0.0449877 0.0295444 0.0256981 0.0326429 0.048513 0.0638017 0.0754219 0.0882029 0.106125 0.127271 0.144716 0.164903 0.191056 0.220234 0.249057 0.269857 0.289258 0.328269 0.399147 0.47341 0.52574 0.554539 0.546303 0.508316 0.474609 0.501422 0.562981 0.585152 0.580531 0.569377 0.534898 0.482823 0.434144 0.387788 0.329248 0.273513 0.225441 0.169003 0.124237 0.101149 0.0776177 0.0552686 0.0475141 0.0531611 0.0616004 0.06373 
0.0413325 0.0640235 0.0879158 0.0909007 0.0791605 0.0630532 0.0508777 0.0426536 0.041721 0.0527949 0.0660355 0.0711655 0.0695039 0.0693862 0.0765704 0.0938837 0.109713 0.111802 0.0947626 0.0633774 0.0397363 0.0350678 0.0451277 0.0569193 0.0628499 0.0736522 0.0957703 0.123595 0.152131 0.181224 0.209421 0.213921 0.200116 0.198512 0.209976 0.233241 0.281649 0.360174 0.447489 0.518262 0.540571 0.512852 0.466038 0.422066 0.432002 0.488291 0.50868 0.490957 0.468912 0.451852 0.435359 0.416299 0.39001 0.340089 0.287264 0.245544 0.198216 0.160505 0.138513 0.114796 0.0922721 0.081306 0.0829024 0.0902093 0.0938309 
0.0427128 0.0629897 0.0918019 0.105986 0.101248 0.0890943 0.0772375 0.0655303 0.0562458 0.0623599 0.0812592 0.0944422 0.0915244 0.0850324 0.0882685 0.105518 0.127003 0.138621 0.12255 0.0850845 0.0603557 0.056948 0.0678701 0.0779346 0.0842112 0.0992466 0.129626 0.168348 0.203232 0.231926 0.261126 0.25272 0.210949 0.185997 0.184748 0.199768 0.240785 0.306871 0.386889 0.464061 0.482774 0.452842 0.424719 0.40318 0.410444 0.447183 0.455884 0.432738 0.40343 0.389337 0.384398 0.379042 0.365078 0.326845 0.287464 0.258386 0.226842 0.203769 0.18539 0.156865 0.13156 0.119513 0.11495 0.109791 0.105136 
0.0433337 0.0639194 0.104067 0.138145 0.142315 0.128498 0.11236 0.0928518 0.0708061 0.0675911 0.086158 0.0990373 0.0911756 0.0822597 0.0893077 0.113867 0.141644 0.156773 0.137644 0.0984603 0.0802689 0.0851281 0.100989 0.117528 0.131644 0.151842 0.187966 0.229271 0.254592 0.264877 0.283558 0.278897 0.241459 0.210681 0.202376 0.21074 0.235762 0.27821 0.343186 0.41378 0.435758 0.425217 0.424329 0.422728 0.424593 0.434762 0.424846 0.392991 0.365205 0.366512 0.374457 0.364989 0.340625 0.303948 0.281937 0.274539 0.258177 0.245965 0.237544 0.21216 0.182943 0.161764 0.140353 0.116767 0.102859 
0.0450527 0.0645393 0.111323 0.162376 0.181564 0.175263 0.157437 0.129008 0.0949723 0.0808133 0.0938588 0.10172 0.088324 0.0784382 0.0849369 0.108775 0.139559 0.154381 0.130685 0.0938376 0.0838651 0.100345 0.125927 0.146888 0.158906 0.177316 0.218341 0.258534 0.267788 0.259572 0.267056 0.274154 0.260876 0.241549 0.238846 0.254026 0.271625 0.295926 0.341255 0.390102 0.411129 0.420887 0.436278 0.439444 0.434042 0.425408 0.403642 0.367042 0.339417 0.352361 0.379149 0.371421 0.339646 0.306985 0.301772 0.314442 0.312336 0.304416 0.295284 0.270652 0.238825 0.20075 0.157244 0.123468 0.109647 
0.055579 0.0753045 0.119699 0.174572 0.210773 0.21789 0.199073 0.16717 0.128134 0.103741 0.108243 0.110194 0.0941249 0.082736 0.0806055 0.0909525 0.113593 0.124461 0.105148 0.0818081 0.0781082 0.0916374 0.11146 0.125209 0.13183 0.149276 0.188752 0.224404 0.234402 0.234324 0.247097 0.267857 0.278268 0.279965 0.295137 0.321179 0.332163 0.338079 0.354299 0.368992 0.380456 0.404174 0.437208 0.449371 0.441476 0.420982 0.39211 0.361919 0.338024 0.348643 0.383543 0.387892 0.361298 0.335827 0.337379 0.3541 0.364657 0.367343 0.351362 0.310866 0.263963 0.210942 0.164955 0.141582 0.136413 
0.0785577 0.103453 0.144748 0.196911 0.240951 0.251748 0.231802 0.198395 0.157415 0.128886 0.127234 0.124542 0.10665 0.0876929 0.0733298 0.0721417 0.08402 0.0888829 0.0752226 0.0650777 0.0654137 0.0673189 0.0721116 0.0811034 0.0945363 0.117494 0.149047 0.176333 0.20038 0.230164 0.265335 0.302025 0.323287 0.330872 0.352171 0.381181 0.385573 0.373018 0.367786 0.367018 0.377502 0.407135 0.45209 0.472939 0.455996 0.41998 0.386889 0.363885 0.345993 0.351713 0.382216 0.395663 0.378525 0.35852 0.356437 0.368675 0.388212 0.403851 0.391287 0.341311 0.27739 0.218606 0.185373 0.177568 0.179409 
0.119231 0.145056 0.183388 0.23034 0.266168 0.270258 0.257091 0.227654 0.183376 0.151751 0.143873 0.13556 0.116705 0.0889214 0.0640448 0.0550674 0.0590981 0.0608419 0.0504128 0.0434414 0.0430303 0.0399311 0.040687 0.054299 0.0788378 0.108788 0.133595 0.152881 0.188618 0.248661 0.314949 0.377339 0.404899 0.391764 0.384251 0.398788 0.410265 0.403165 0.399197 0.402618 0.416381 0.442798 0.48322 0.497862 0.463531 0.413439 0.377283 0.352846 0.337084 0.348293 0.376987 0.392385 0.383701 0.370372 0.373947 0.393157 0.415342 0.427906 0.415845 0.371253 0.310303 0.256952 0.227833 0.216381 0.21299 
0.159662 0.172832 0.199882 0.23821 0.265928 0.267306 0.260972 0.241277 0.199141 0.161052 0.143021 0.127965 0.113069 0.0893879 0.0607217 0.0432346 0.0400662 0.0400135 0.0314125 0.023101 0.0206853 0.0209745 0.0279852 0.0495234 0.0786996 0.10681 0.125627 0.137964 0.175783 0.249933 0.339454 0.426386 0.458734 0.424416 0.389494 0.394998 0.423443 0.430704 0.426767 0.432527 0.447023 0.470123 0.498399 0.497975 0.453776 0.39728 0.352046 0.32079 0.311235 0.341986 0.383185 0.395754 0.381938 0.372064 0.394827 0.431931 0.449871 0.449744 0.436408 0.404495 0.367042 0.326898 0.287246 0.255994 0.23808 
0.181193 0.185061 0.201321 0.229841 0.257183 0.261635 0.249283 0.227444 0.191228 0.158302 0.139982 0.122254 0.109691 0.0959678 0.0697235 0.0441717 0.0335023 0.0316309 0.0257329 0.0172972 0.0132126 0.015211 0.0277018 0.0552836 0.0827346 0.101553 0.115141 0.124192 0.156669 0.22282 0.310976 0.408522 0.453581 0.430028 0.4019 0.412546 0.443278 0.441008 0.421511 0.420977 0.435778 0.452929 0.464936 0.458817 0.422859 0.367425 0.313542 0.280206 0.282077 0.325388 0.374839 0.390044 0.38082 0.378665 0.407137 0.440068 0.439609 0.432742 0.436358 0.435461 0.431722 0.407438 0.359497 0.315006 0.284751 
0.205855 0.205302 0.212729 0.2314 0.252473 0.252507 0.232248 0.207854 0.180459 0.163839 0.154477 0.135792 0.120673 0.111495 0.0891084 0.0589815 0.0414532 0.0369323 0.033526 0.0259071 0.0198475 0.0201282 0.0319822 0.0563544 0.0785404 0.0928739 0.105498 0.116303 0.145406 0.202045 0.282953 0.380565 0.438931 0.441197 0.433324 0.44325 0.454583 0.433286 0.405019 0.397756 0.408395 0.411273 0.404907 0.402151 0.381618 0.333919 0.285666 0.261127 0.271311 0.307793 0.343677 0.363978 0.381248 0.394873 0.414496 0.432728 0.418105 0.406268 0.424485 0.453316 0.468155 0.45449 0.422079 0.389643 0.361934 
0.235046 0.230645 0.226044 0.228759 0.227321 0.213349 0.19808 0.190437 0.184532 0.18508 0.180117 0.156969 0.13696 0.127079 0.107996 0.0763519 0.0517506 0.0420359 0.0399158 0.0364553 0.0309597 0.0269768 0.030391 0.0435883 0.0617475 0.0795831 0.0960055 0.112144 0.141807 0.195442 0.277091 0.373345 0.436633 0.449386 0.446492 0.448778 0.439404 0.409447 0.385425 0.379127 0.393268 0.400104 0.388453 0.380597 0.362829 0.325785 0.291414 0.270795 0.272513 0.293105 0.307205 0.318408 0.350198 0.386522 0.422614 0.450631 0.437166 0.412795 0.420369 0.447779 0.455345 0.446878 0.444497 0.44622 0.442052 
0.249306 0.242995 0.226075 0.20926 0.186699 0.163658 0.154145 0.159433 0.173846 0.189631 0.188328 0.163505 0.139402 0.126671 0.109382 0.0791736 0.0509054 0.0372746 0.0346122 0.0346143 0.0338984 0.0303561 0.0253787 0.0271322 0.0408924 0.062748 0.0854813 0.109159 0.140653 0.189044 0.259782 0.340847 0.401747 0.421311 0.424231 0.424191 0.39994 0.365631 0.352414 0.368647 0.412577 0.446668 0.44305 0.419808 0.380717 0.336269 0.302073 0.274768 0.262138 0.268449 0.263607 0.258077 0.285334 0.340425 0.411996 0.480353 0.49727 0.466233 0.447775 0.45209 0.44533 0.441775 0.460521 0.490252 0.509748 
0.246271 0.242202 0.220786 0.190922 0.158701 0.133366 0.118986 0.11562 0.128604 0.15243 0.160844 0.140714 0.116086 0.102337 0.091512 0.0718671 0.0458788 0.0292146 0.023626 0.0239123 0.0285691 0.0320003 0.0259305 0.0205633 0.0274475 0.0466504 0.0731788 0.107576 0.149256 0.191644 0.235752 0.288139 0.341746 0.379185 0.407146 0.417248 0.38882 0.349105 0.337153 0.36907 0.43685 0.498806 0.523072 0.504616 0.442286 0.36891 0.308231 0.262672 0.242495 0.245799 0.23874 0.22715 0.245106 0.299769 0.379016 0.474521 0.538119 0.527562 0.500424 0.492571 0.488235 0.492512 0.512856 0.541855 0.565946 
0.242086 0.240067 0.223052 0.191505 0.158683 0.131482 0.107162 0.0888451 0.0868168 0.102144 0.113742 0.100841 0.081205 0.0710203 0.067809 0.0590405 0.0413838 0.0267958 0.0192093 0.0185471 0.0249154 0.0330112 0.0298554 0.0226675 0.0245091 0.0386941 0.0659092 0.110229 0.165632 0.210634 0.241238 0.276672 0.319606 0.361088 0.403498 0.427311 0.411057 0.377087 0.363392 0.39005 0.455571 0.530566 0.584735 0.589582 0.523456 0.420249 0.324848 0.256381 0.230818 0.242599 0.248417 0.23677 0.24264 0.281297 0.344267 0.439079 0.527301 0.545629 0.533765 0.533166 0.546266 0.559686 0.562392 0.562541 0.574 
0.219312 0.2197 0.21446 0.191972 0.166525 0.142832 0.114463 0.0862055 0.0702457 0.0714832 0.0779585 0.0698421 0.0556102 0.0483118 0.0462524 0.043126 0.0377385 0.0306703 0.0217249 0.0187321 0.0245814 0.035216 0.0379852 0.034076 0.0333532 0.043443 0.0702496 0.119705 0.181147 0.235006 0.273359 0.308289 0.335755 0.356459 0.384446 0.407677 0.408141 0.405965 0.4192 0.454431 0.521043 0.593195 0.643713 0.656442 0.597083 0.482797 0.36652 0.282104 0.254915 0.271325 0.276525 0.258484 0.254812 0.279514 0.331119 0.419399 0.508878 0.545601 0.551132 0.551105 0.559904 0.560836 0.535481 0.507112 0.505235 
0.199683 0.199173 0.194349 0.176254 0.158654 0.143148 0.119017 0.0912617 0.0716374 0.0669693 0.0709509 0.0634591 0.0486115 0.0392439 0.0329043 0.0313636 0.0368289 0.0399824 0.0315005 0.0239528 0.027212 0.0410846 0.0515187 0.0513659 0.0516063 0.0628205 0.0896552 0.137017 0.196581 0.255639 0.300593 0.33192 0.347055 0.354834 0.364404 0.376484 0.384883 0.409036 0.450833 0.511971 0.603489 0.685094 0.722008 0.715784 0.648854 0.540563 0.42991 0.350969 0.330882 0.341155 0.323283 0.288753 0.28189 0.308881 0.364583 0.447267 0.522865 0.554432 0.557301 0.548891 0.5412 0.514157 0.467723 0.439589 0.443504 
0.207937 0.196709 0.175767 0.154667 0.14669 0.138952 0.112836 0.0869009 0.0749845 0.0755175 0.0807709 0.0727472 0.0593973 0.0501455 0.0386985 0.0330065 0.0399943 0.0510823 0.0503928 0.0419102 0.0428155 0.0573815 0.0705868 0.0729338 0.0789017 0.0951179 0.116257 0.149866 0.200068 0.258598 0.301107 0.320821 0.332967 0.348124 0.36054 0.379067 0.39805 0.419961 0.457363 0.539264 0.664341 0.767462 0.798942 0.768159 0.690471 0.594374 0.508603 0.456479 0.441332 0.434624 0.400119 0.35894 0.352377 0.386248 0.448126 0.518092 0.560566 0.559516 0.546059 0.539918 0.53414 0.49927 0.446673 0.429295 0.443175 
0.201665 0.185864 0.162552 0.144071 0.140524 0.137544 0.111301 0.0845972 0.0758554 0.0791391 0.0838514 0.0780805 0.0733061 0.0709044 0.0593727 0.0479214 0.0493852 0.0602524 0.0692079 0.0704252 0.0748352 0.087124 0.0975534 0.102431 0.11444 0.131131 0.140684 0.159691 0.202812 0.26278 0.303337 0.314597 0.329472 0.355169 0.381686 0.416928 0.446095 0.457636 0.486098 0.58291 0.720059 0.815974 0.836567 0.806936 0.74638 0.675532 0.61397 0.573023 0.540612 0.518736 0.492782 0.462514 0.452258 0.477673 0.526998 0.568797 0.574831 0.550909 0.53698 0.541889 0.548674 0.526222 0.479555 0.464841 0.474558 
0.16887 0.15756 0.144994 0.135287 0.132591 0.13197 0.114554 0.0921786 0.0827863 0.080767 0.0795313 0.0781479 0.0817074 0.0815528 0.0720535 0.0625378 0.062036 0.0681523 0.0782469 0.0876064 0.100048 0.116138 0.127953 0.133074 0.14138 0.153058 0.160381 0.17803 0.223879 0.294196 0.345825 0.360901 0.373099 0.391679 0.413935 0.451717 0.490431 0.511609 0.552601 0.654457 0.760193 0.811022 0.816084 0.806552 0.781542 0.749382 0.717764 0.676074 0.618522 0.581205 0.562208 0.552118 0.549645 0.558776 0.573488 0.586157 0.581008 0.557073 0.540139 0.534653 0.542374 0.542955 0.520276 0.504237 0.495233 
0.14356 0.136415 0.128929 0.121366 0.117467 0.115344 0.106601 0.0939123 0.085799 0.0777678 0.0714877 0.0722868 0.0780172 0.0766674 0.0706222 0.068109 0.0709388 0.0757257 0.0835086 0.0919555 0.108115 0.132824 0.153898 0.1579 0.154349 0.162098 0.180923 0.210606 0.262444 0.337619 0.406175 0.439688 0.441288 0.431768 0.435169 0.473346 0.525005 0.567784 0.630998 0.721053 0.773722 0.778417 0.770053 0.771481 0.771011 0.767795 0.765517 0.737414 0.671732 0.617734 0.595052 0.592102 0.599225 0.612874 0.613132 0.604725 0.588037 0.554844 0.514849 0.491932 0.503005 0.523759 0.5262 0.511971 0.489649 
0.131687 0.129539 0.122588 0.109715 0.100633 0.0938692 0.0892245 0.0865197 0.0794955 0.0674473 0.0627022 0.0641015 0.0659456 0.0669138 0.070772 0.0743666 0.0770347 0.0801161 0.0849436 0.0917867 0.106511 0.128099 0.14723 0.149268 0.145978 0.166425 0.209872 0.256168 0.306104 0.371449 0.446501 0.498741 0.497133 0.466922 0.464777 0.513311 0.568181 0.60894 0.675135 0.739416 0.750538 0.734486 0.726601 0.730979 0.733372 0.734817 0.746585 0.742452 0.69494 0.643154 0.614847 0.590256 0.584095 0.61675 0.638933 0.618785 0.579175 0.524796 0.456876 0.42286 0.436859 0.461986 0.473772 0.4668 0.448831 
0.114791 0.11346 0.106242 0.0940568 0.0859607 0.0812295 0.0805036 0.0787826 0.0661349 0.0503573 0.0470131 0.0495319 0.0511344 0.0563033 0.0659215 0.0715066 0.0737082 0.0765749 0.0805615 0.0909664 0.105243 0.112828 0.11306 0.107644 0.112735 0.146184 0.204714 0.26607 0.322975 0.384626 0.456182 0.517844 0.532238 0.510295 0.513289 0.559198 0.603053 0.631418 0.686691 0.727642 0.719031 0.692875 0.679251 0.681964 0.68514 0.690262 0.70834 0.718664 0.696033 0.665419 0.636603 0.586967 0.562923 0.602943 0.646497 0.624767 0.56854 0.495909 0.411123 0.366028 0.370707 0.385681 0.386861 0.374745 0.354578 
0.0946422 0.0914884 0.0825018 0.0733045 0.0690581 0.0706829 0.0759076 0.0712681 0.0530819 0.0369333 0.0322582 0.0328297 0.0350551 0.0438819 0.0552441 0.059793 0.0609254 0.0663694 0.0752309 0.0900663 0.104014 0.0988353 0.0817245 0.0706839 0.081295 0.118039 0.172928 0.239934 0.31068 0.370515 0.432106 0.507157 0.562246 0.57081 0.57157 0.588796 0.612135 0.639174 0.693852 0.726648 0.70883 0.673932 0.654846 0.662003 0.670307 0.67232 0.677457 0.683324 0.686957 0.689021 0.664681 0.601673 0.572137 0.612721 0.653381 0.622336 0.556435 0.478535 0.393376 0.338435 0.324414 0.319008 0.296214 0.267927 0.238155 
0.0843733 0.0812854 0.071029 0.0603897 0.0544272 0.059394 0.070235 0.0655683 0.0455827 0.0301497 0.0229339 0.0199412 0.0213978 0.0316017 0.0448995 0.0476177 0.0461454 0.0560172 0.0728374 0.0888418 0.101555 0.0918949 0.0666972 0.0535915 0.0674437 0.107772 0.159728 0.223569 0.291489 0.34028 0.394713 0.48602 0.584222 0.622774 0.610976 0.594422 0.601859 0.635965 0.701789 0.740697 0.720417 0.679156 0.663453 0.684445 0.699868 0.686742 0.664863 0.659375 0.682753 0.703708 0.674226 0.600258 0.572253 0.620488 0.653824 0.61086 0.540642 0.46792 0.392081 0.335265 0.301899 0.27219 0.230622 0.195569 0.16344 
