terrain
33 33
0.37217 0.432225 0.467133 0.407857 0.362545 0.380083 0.394988 0.367125 0.299535 0.213609 0.13458 0.0742801 0.0339575 0.0172908 0.00857829 0.00351767 0.00412156 0.00995685 0.0181443 0.0280333 0.041465 0.0573064 0.0731649 0.0764322 0.0634055 0.0722918 0.116989 0.170844 0.211494 0.27075 0.329123 0.333493 0.321363 
0.395886 0.466321 0.505687 0.445319 0.385659 0.390579 0.396484 0.348038 0.274112 0.202094 0.138702 0.0866637 0.0464906 0.0281213 0.0195452 0.0140291 0.0129505 0.0164468 0.0223037 0.0286468 0.0385465 0.0531673 0.0722199 0.0838199 0.0762479 0.0810925 0.11446 0.161294 0.208742 0.269615 0.315077 0.306981 0.290505 
0.446128 0.502146 0.52764 0.465717 0.391915 0.380776 0.36712 0.29056 0.212662 0.16546 0.131949 0.101825 0.0740905 0.0610697 0.0546224 0.0452699 0.036685 0.0367348 0.0413299 0.039878 0.0405935 0.0532181 0.0826998 0.109972 0.1082 0.103225 0.117863 0.151375 0.198247 0.260777 0.307108 0.298673 0.281592 
0.488337 0.502826 0.49305 0.43846 0.37947 0.35742 0.322871 0.235156 0.157673 0.12188 0.111338 0.108097 0.100865 0.0980529 0.098183 0.0894076 0.0782731 0.0800651 0.0850819 0.0717781 0.0564163 0.064105 0.108578 0.15885 0.162521 0.138998 0.131549 0.152317 0.191359 0.254615 0.315515 0.322982 0.311679 
0.441718 0.427236 0.396024 0.366464 0.347877 0.321873 0.274269 0.201209 0.136298 0.104404 0.0995363 0.106306 0.104322 0.0961962 0.0955869 0.096914 0.103564 0.124781 0.143722 0.125333 0.0913769 0.0895082 0.136807 0.197453 0.206469 0.176692 0.167976 0.186351 0.209792 0.254145 0.30005 0.310652 0.306205 
0.326949 0.317248 0.288518 0.275299 0.281773 0.262493 0.217087 0.16702 0.122418 0.100357 0.0972835 0.0983352 0.088248 0.0686584 0.0603136 0.0692866 0.0981252 0.143324 0.185068 0.177759 0.139623 0.12988 0.159883 0.201336 0.218948 0.220378 0.243999 0.268872 0.2658 0.263059 0.260071 0.258785 0.26356 
0.201442 0.211786 0.199545 0.190341 0.195837 0.187852 0.159975 0.129435 0.100094 0.0838315 0.0822186 0.0800012 0.0681124 0.0478113 0.0376159 0.0494629 0.0889245 0.145701 0.19646 0.199824 0.17312 0.16847 0.18274 0.199117 0.228868 0.286211 0.36207 0.39715 0.372256 0.323096 0.268522 0.248166 0.25582 
0.116133 0.133729 0.133801 0.122625 0.113438 0.109007 0.104022 0.0988766 0.0877395 0.0736626 0.0702005 0.07204 0.0652039 0.0447105 0.0321095 0.04306 0.0830223 0.141915 0.193075 0.200985 0.187723 0.194587 0.209541 0.222043 0.268808 0.368733 0.47254 0.507237 0.478237 0.405984 0.317952 0.277124 0.271979 
0.066156 0.0806192 0.0837594 0.0665208 0.0466605 0.0419674 0.0500545 0.0663172 0.0763303 0.0732744 0.0746675 0.0812624 0.0745125 0.0501158 0.0346716 0.0442352 0.0842297 0.143009 0.192852 0.209287 0.214248 0.230426 0.244522 0.261517 0.322808 0.431258 0.528527 0.570016 0.559633 0.486144 0.390001 0.339598 0.323365 
0.0301755 0.0390603 0.0391463 0.0227857 0.00954878 0.00831755 0.0169458 0.0358834 0.0558933 0.0698659 0.0861742 0.0942344 0.077571 0.0479924 0.0329652 0.0442604 0.0878972 0.145817 0.192213 0.225795 0.260422 0.291195 0.304892 0.320585 0.370968 0.451979 0.534126 0.607087 0.642365 0.594656 0.511294 0.467335 0.46541 
0.0091735 0.0110401 0.0092779 0.00314625 0.000495402 0.00120823 0.00668152 0.0203494 0.0406498 0.0658171 0.0908588 0.0895806 0.0615524 0.034672 0.0241128 0.0353398 0.0757549 0.132852 0.191753 0.25867 0.316813 0.349352 0.374257 0.412634 0.459124 0.505051 0.558617 0.645674 0.726651 0.72884 0.671162 0.634531 0.650009 
0.00215388 0.00102238 0.000506867 9.81561e-05 2.65421e-07 0.000312509 0.00277882 0.00867717 0.0214226 0.0483721 0.0774886 0.0723333 0.0444791 0.0274061 0.0247025 0.0370391 0.0716543 0.128456 0.199115 0.289147 0.365385 0.398366 0.431101 0.499485 0.567055 0.591526 0.610431 0.674407 0.758304 0.810523 0.812105 0.79751 0.811083 
0.000881212 3.17668e-05 0 6.46549e-05 5.48728e-05 4.343e-05 0.000514504 0.00217435 0.00697702 0.0223203 0.0455014 0.0498935 0.0374015 0.032783 0.0409651 0.0601103 0.0938082 0.145045 0.204363 0.288521 0.376555 0.423203 0.460128 0.537174 0.61347 0.621613 0.62385 0.66402 0.722318 0.803646 0.885443 0.920524 0.936408 
0.00105923 0.00027432 0.000335101 0.000869199 0.000783787 0.000299398 0.000761772 0.00263844 0.00577829 0.0108983 0.0181259 0.023882 0.0277839 0.038682 0.0605859 0.0918146 0.131192 0.172418 0.211462 0.274136 0.345875 0.392304 0.443374 0.528021 0.599724 0.614355 0.635322 0.666729 0.688929 0.758096 0.874951 0.957507 1 
0.00305884 0.00246585 0.00349676 0.00485801 0.0042667 0.00241494 0.00274186 0.00700922 0.0134027 0.0128694 0.00966492 0.0117031 0.0193486 0.0389287 0.073614 0.114435 0.157623 0.194586 0.219926 0.254068 0.298281 0.341555 0.416278 0.519716 0.59836 0.634032 0.669186 0.680515 0.666568 0.713698 0.825882 0.911053 0.954592 
0.00944629 0.00954589 0.0131921 0.0148558 0.0103212 0.00521075 0.00464895 0.0106682 0.0214033 0.0204361 0.0139568 0.015858 0.0256713 0.0485353 0.087006 0.123034 0.158964 0.199552 0.221521 0.236471 0.265592 0.306904 0.392667 0.518355 0.633242 0.692938 0.704127 0.669577 0.637305 0.694803 0.805481 0.859304 0.867241 
0.0259428 0.0239804 0.0297197 0.0303636 0.0185495 0.00848322 0.00699921 0.0124183 0.0207779 0.021735 0.0199459 0.025249 0.040203 0.0658609 0.100123 0.122891 0.143599 0.177535 0.204832 0.226341 0.249462 0.274727 0.35004 0.492929 0.655194 0.743886 0.726789 0.663538 0.643282 0.725172 0.835151 0.872513 0.865858 
0.0497279 0.0483987 0.0605632 0.062637 0.0406722 0.0206657 0.015329 0.0171618 0.0176386 0.0139507 0.0134361 0.0193802 0.0355056 0.0624373 0.0940849 0.115106 0.128964 0.148681 0.182 0.22926 0.26504 0.281899 0.346442 0.487394 0.650148 0.735809 0.709687 0.656848 0.670216 0.765374 0.851492 0.882436 0.883941 
0.0729436 0.0788064 0.100373 0.103369 0.0706442 0.0405596 0.0307108 0.0270216 0.0194293 0.00883581 0.00504317 0.00744904 0.0175233 0.0407559 0.0759131 0.111932 0.132896 0.14831 0.192664 0.265912 0.31983 0.340103 0.389509 0.482242 0.582239 0.645047 0.652962 0.650043 0.698185 0.788465 0.830114 0.832774 0.820814 
0.105596 0.110865 0.124258 0.115264 0.0775353 0.0477535 0.0402063 0.035271 0.0229171 0.00835112 0.00272769 0.0034522 0.0105382 0.0312581 0.0665639 0.110425 0.142902 0.172035 0.235434 0.320493 0.377521 0.400331 0.416641 0.425158 0.452793 0.506581 0.564243 0.627061 0.712447 0.791546 0.78847 0.745599 0.697244 
0.142518 0.137339 0.131679 0.104414 0.0646183 0.039856 0.0361468 0.033423 0.0213924 0.00842109 0.00310026 0.00327528 0.00828593 0.0246618 0.0554693 0.0950187 0.12931 0.167381 0.237141 0.327056 0.393876 0.424588 0.421114 0.383063 0.377074 0.426501 0.506127 0.60936 0.722408 0.788062 0.757402 0.680219 0.597171 
0.16946 0.153997 0.135954 0.0987881 0.0589966 0.0346472 0.0286517 0.0267912 0.020031 0.0123443 0.00740423 0.00499933 0.00594167 0.0141525 0.032152 0.0584284 0.0883475 0.127527 0.194473 0.297065 0.391815 0.441731 0.443316 0.406883 0.391738 0.426281 0.506274 0.622264 0.735272 0.781699 0.75215 0.678388 0.587919 
0.175649 0.159726 0.136866 0.0974826 0.0625369 0.0394019 0.0312501 0.0290633 0.0273854 0.0267153 0.0202126 0.00953044 0.0060758 0.0108782 0.0197196 0.0329783 0.0534557 0.0848296 0.14923 0.272752 0.400422 0.469799 0.470404 0.431931 0.403672 0.417082 0.483058 0.589163 0.700046 0.762442 0.774208 0.743726 0.675829 
0.164631 0.15955 0.138115 0.104465 0.079128 0.0589008 0.0509175 0.0516264 0.0537492 0.052558 0.0343736 0.0142065 0.0102224 0.0186385 0.0266155 0.0321095 0.041383 0.0608711 0.118552 0.245123 0.390766 0.486051 0.484591 0.42495 0.377661 0.378961 0.429776 0.509878 0.610129 0.704557 0.771348 0.799078 0.7783 
0.158426 0.161432 0.140129 0.112479 0.0983917 0.0884689 0.0892699 0.0997378 0.0992578 0.0762683 0.0405924 0.0204187 0.0214491 0.0367046 0.0459413 0.0457015 0.0484522 0.0633101 0.116789 0.228343 0.367565 0.490369 0.517418 0.445781 0.369424 0.354396 0.399464 0.459716 0.537889 0.638254 0.734649 0.809683 0.84411 
0.164515 0.16565 0.136705 0.10839 0.103491 0.111669 0.129259 0.147886 0.138147 0.0892582 0.0456291 0.0335858 0.043304 0.0607798 0.0647798 0.0633259 0.0722812 0.0910685 0.140374 0.227883 0.344205 0.479265 0.549009 0.495051 0.406686 0.378372 0.4244 0.489666 0.545654 0.602542 0.675173 0.766442 0.839374 
0.20235 0.194418 0.154046 0.118996 0.114227 0.128966 0.152084 0.174991 0.167039 0.106959 0.0585279 0.0512732 0.0653951 0.0794907 0.0774704 0.0752381 0.0924014 0.120909 0.171223 0.24241 0.335253 0.454051 0.537911 0.522515 0.460847 0.438606 0.49375 0.586107 0.618988 0.593026 0.613657 0.700954 0.787309 
0.255986 0.245228 0.211939 0.176857 0.159248 0.156096 0.16756 0.195174 0.203042 0.144713 0.0819466 0.0618651 0.0665514 0.078728 0.0836023 0.0845159 0.10462 0.146379 0.209165 0.272823 0.338407 0.425888 0.514829 0.561586 0.5547 0.549094 0.6144 0.722908 0.726426 0.630468 0.603799 0.666964 0.730507 
0.272314 0.273435 0.2658 0.242198 0.202315 0.165921 0.158788 0.187142 0.208137 0.161634 0.0915477 0.0582017 0.0554336 0.0716277 0.0905258 0.0995662 0.125853 0.187092 0.267316 0.320052 0.345778 0.398193 0.496887 0.609438 0.681595 0.720892 0.79278 0.875491 0.831967 0.696697 0.631703 0.656425 0.68515 
0.251339 0.256615 0.248861 0.220983 0.168648 0.125682 0.117371 0.138142 0.152755 0.123364 0.077776 0.0576179 0.0618353 0.0822119 0.10393 0.117673 0.153822 0.229441 0.31678 0.371951 0.387681 0.420807 0.511245 0.64208 0.778881 0.875521 0.942965 0.977154 0.89292 0.744171 0.659699 0.651099 0.65293 
0.235641 0.224397 0.196409 0.154915 0.104951 0.075238 0.0762821 0.0903909 0.0921104 0.0755624 0.0602645 0.0626555 0.0825917 0.108235 0.127121 0.136846 0.167337 0.231408 0.312299 0.399865 0.457583 0.48394 0.533027 0.637197 0.799734 0.934958 0.988557 0.991508 0.903525 0.747024 0.639378 0.599019 0.577385 
0.251006 0.2179 0.172098 0.120803 0.0708328 0.0437234 0.0467892 0.0607775 0.0606525 0.0515631 0.0492028 0.0615879 0.0926083 0.127441 0.152988 0.154767 0.159596 0.198073 0.274539 0.387445 0.484397 0.512348 0.520278 0.59225 0.751303 0.903759 0.952064 0.943126 0.883366 0.735589 0.592606 0.514463 0.472885 
0.281007 0.236985 0.178493 0.115546 0.0588754 0.0288768 0.0309055 0.0467469 0.0472032 0.0392818 0.040533 0.0579825 0.0954684 0.136295 0.165607 0.156428 0.139649 0.168756 0.25602 0.376999 0.471217 0.490275 0.479624 0.540253 0.698687 0.857387 0.907817 0.905374 0.886676 0.755503 0.570473 0.454013 0.403707 
