terrain
33 33
0.135198 0.187644 0.291639 0.417606 0.485723 0.502534 0.606428 0.790421 0.944099 0.95752 0.80351 0.649218 0.562163 0.491609 0.42871 0.486548 0.648902 0.762975 0.834635 0.891557 0.888618 0.860255 0.780244 0.622401 0.493215 0.401141 0.290798 0.192962 0.112958 0.0555515 0.0395279 0.0492084 0.0619448 
0.227893 0.280549 0.387895 0.500383 0.550518 0.561161 0.640563 0.783218 0.919458 0.934079 0.793947 0.628274 0.510735 0.446798 0.414061 0.487037 0.653183 0.751642 0.761266 0.776173 0.789417 0.776876 0.685744 0.516261 0.392418 0.332513 0.255909 0.170472 0.100456 0.0498634 0.0353372 0.0455349 0.0545383 
0.405925 0.452539 0.548722 0.621351 0.626083 0.602016 0.637162 0.742209 0.855102 0.875064 0.762015 0.584376 0.449364 0.404364 0.403568 0.468629 0.599258 0.673274 0.641959 0.617127 0.622865 0.609455 0.542971 0.421734 0.322635 0.281434 0.229699 0.157616 0.0931153 0.0464231 0.0316707 0.0368356 0.0373942 
0.542644 0.607498 0.691244 0.719189 0.683279 0.617471 0.603226 0.673508 0.756025 0.785433 0.702162 0.509352 0.362147 0.32475 0.346989 0.41191 0.518525 0.590044 0.569993 0.512667 0.457662 0.418647 0.399741 0.362353 0.308793 0.277765 0.227912 0.150443 0.0926808 0.0601603 0.0460495 0.0430105 0.0387196 
0.492393 0.588075 0.68464 0.723067 0.696006 0.635843 0.613443 0.669981 0.719421 0.727851 0.66095 0.462784 0.288507 0.230102 0.258389 0.341067 0.453387 0.540076 0.547538 0.469852 0.364939 0.31168 0.316515 0.331439 0.3207 0.297179 0.236897 0.144529 0.0922954 0.0783119 0.0697223 0.0588378 0.0521464 
0.357557 0.44354 0.548732 0.634188 0.653046 0.627191 0.63211 0.708271 0.747744 0.720245 0.643981 0.457037 0.265078 0.183022 0.194434 0.261245 0.362709 0.474259 0.522129 0.451045 0.337044 0.283404 0.283309 0.302071 0.310001 0.291745 0.232958 0.149824 0.0992214 0.0829903 0.0734425 0.062869 0.057526 
0.298811 0.364061 0.467147 0.567849 0.603639 0.58885 0.615982 0.725456 0.767952 0.695607 0.587024 0.435832 0.271981 0.176551 0.154982 0.17913 0.245318 0.361394 0.446557 0.420706 0.343742 0.303096 0.29029 0.28192 0.273533 0.257459 0.225766 0.17746 0.133008 0.10754 0.0925885 0.0894323 0.090218 
0.317828 0.369053 0.456005 0.517512 0.525784 0.529967 0.597937 0.732753 0.765422 0.644523 0.507901 0.409748 0.306328 0.196401 0.126271 0.111137 0.152303 0.252121 0.340481 0.364565 0.360355 0.363917 0.353955 0.307221 0.262026 0.250473 0.252847 0.231879 0.197769 0.172086 0.155419 0.163779 0.177619 
0.340509 0.37635 0.426703 0.446051 0.436717 0.47651 0.600336 0.741269 0.747821 0.609362 0.474489 0.410799 0.351699 0.235994 0.12492 0.0817228 0.103632 0.171577 0.22834 0.259367 0.300157 0.356713 0.385568 0.352424 0.309063 0.305749 0.325974 0.31797 0.288384 0.258529 0.233691 0.234924 0.245286 
0.266476 0.291326 0.321504 0.34588 0.356986 0.421184 0.581114 0.721349 0.705658 0.586241 0.473647 0.400911 0.342455 0.2517 0.145664 0.090318 0.0898006 0.115023 0.135047 0.153802 0.200118 0.280238 0.354571 0.386781 0.392228 0.399579 0.417942 0.403792 0.353583 0.304211 0.273035 0.2622 0.261732 
0.148557 0.168968 0.200315 0.242038 0.28604 0.378496 0.567143 0.730984 0.729796 0.63703 0.532434 0.424979 0.344892 0.277995 0.201963 0.147032 0.119362 0.101184 0.0941696 0.106015 0.157038 0.250779 0.34409 0.409748 0.440602 0.445412 0.450262 0.425834 0.376307 0.337435 0.315035 0.295106 0.291015 
0.0958333 0.109153 0.131178 0.16768 0.228386 0.350723 0.561675 0.745044 0.769541 0.699601 0.600948 0.481458 0.394114 0.344319 0.30075 0.254224 0.196313 0.141699 0.119649 0.129966 0.185568 0.286432 0.386584 0.442792 0.431291 0.393339 0.383306 0.369246 0.354423 0.362582 0.371465 0.354074 0.356741 
0.107765 0.115734 0.126415 0.145418 0.195547 0.317635 0.5264 0.692634 0.708124 0.653835 0.580558 0.490482 0.43657 0.424741 0.406292 0.361366 0.294897 0.236206 0.207458 0.208454 0.251819 0.337174 0.438379 0.489217 0.428936 0.334651 0.298979 0.291796 0.288474 0.310337 0.349926 0.369241 0.397961 
0.14569 0.162877 0.180616 0.182792 0.199072 0.283105 0.439058 0.545982 0.547661 0.529302 0.500991 0.444628 0.412696 0.417277 0.404368 0.373063 0.352212 0.332049 0.297698 0.278626 0.306495 0.376494 0.462435 0.495926 0.419902 0.310875 0.25467 0.231196 0.212303 0.219122 0.263038 0.312506 0.356882 
0.192564 0.232887 0.275542 0.261337 0.229831 0.259683 0.334794 0.372727 0.361618 0.378128 0.412924 0.396066 0.349983 0.324799 0.305767 0.297323 0.322315 0.333652 0.298914 0.276114 0.307557 0.39196 0.479717 0.482791 0.398621 0.311575 0.25745 0.22191 0.198147 0.194065 0.22182 0.264653 0.302597 
0.269659 0.308994 0.352715 0.325804 0.259233 0.240417 0.256034 0.267249 0.255398 0.269101 0.322021 0.336117 0.283823 0.226706 0.189951 0.188222 0.226495 0.255153 0.255692 0.269898 0.311781 0.394438 0.483443 0.481816 0.412434 0.358599 0.316419 0.280019 0.265055 0.255505 0.247133 0.242456 0.247885 
0.344626 0.343736 0.352758 0.328741 0.261049 0.208998 0.195389 0.212475 0.215608 0.216082 0.250727 0.271202 0.226509 0.15997 0.11032 0.104376 0.141645 0.190373 0.249919 0.329843 0.388769 0.435837 0.480897 0.468533 0.412905 0.386137 0.368 0.339118 0.331935 0.324465 0.285723 0.23178 0.207938 
0.348598 0.309425 0.284423 0.279231 0.24703 0.189154 0.168925 0.192993 0.210514 0.216375 0.239154 0.249791 0.206712 0.142018 0.0922023 0.0834605 0.111014 0.160951 0.25381 0.380511 0.459552 0.477308 0.464903 0.431878 0.384442 0.378828 0.400053 0.370668 0.327828 0.305943 0.281719 0.249519 0.241981 
0.340066 0.268281 0.215845 0.218656 0.222272 0.191492 0.194321 0.238951 0.280651 0.294774 0.295605 0.289809 0.248791 0.179811 0.127431 0.109017 0.112906 0.145444 0.236026 0.360691 0.437215 0.454131 0.433611 0.416538 0.397495 0.40317 0.433763 0.380879 0.285385 0.246375 0.253826 0.279753 0.306526 
0.339887 0.240467 0.171027 0.169668 0.185274 0.188348 0.233348 0.330115 0.432194 0.457522 0.413227 0.379302 0.34812 0.281302 0.223795 0.180216 0.142823 0.13922 0.195023 0.300046 0.376334 0.406443 0.417465 0.430007 0.440033 0.456205 0.458481 0.367917 0.249624 0.207867 0.236352 0.30165 0.345915 
0.304816 0.219511 0.151166 0.141278 0.158239 0.175894 0.233434 0.359652 0.514418 0.561852 0.493913 0.446725 0.437243 0.410104 0.377719 0.315426 0.221589 0.16055 0.170877 0.257873 0.346678 0.399941 0.447641 0.461383 0.459992 0.483523 0.468265 0.361104 0.249238 0.212048 0.254894 0.330178 0.365448 
0.246359 0.203964 0.162821 0.15519 0.165042 0.168509 0.206434 0.322993 0.471651 0.512173 0.450551 0.422591 0.445427 0.472931 0.488878 0.447247 0.321874 0.206875 0.18105 0.250931 0.356558 0.437231 0.4806 0.448483 0.414734 0.437933 0.434517 0.356511 0.278242 0.251599 0.291462 0.339791 0.348753 
0.273616 0.242088 0.212272 0.198006 0.176657 0.137587 0.145681 0.241589 0.360515 0.388162 0.376741 0.415479 0.480668 0.524301 0.562225 0.571365 0.471997 0.3313 0.26052 0.280954 0.365024 0.443905 0.449411 0.394267 0.35954 0.356237 0.337871 0.302073 0.275068 0.269184 0.302197 0.329262 0.329541 
0.421357 0.356396 0.284272 0.228624 0.172013 0.110581 0.102426 0.166836 0.24711 0.283645 0.35089 0.500164 0.646948 0.702727 0.72897 0.761863 0.717677 0.58553 0.442797 0.356943 0.357587 0.396064 0.380459 0.34734 0.325305 0.281154 0.226342 0.207645 0.215991 0.230559 0.267389 0.28943 0.284651 
0.567379 0.472913 0.335556 0.225792 0.167718 0.128091 0.120235 0.154167 0.20493 0.262956 0.390505 0.621199 0.838291 0.917816 0.92299 0.923539 0.892904 0.795715 0.625258 0.450829 0.362648 0.353139 0.333403 0.314022 0.294026 0.241884 0.169165 0.133127 0.13892 0.15794 0.181908 0.191116 0.187431 
0.557559 0.486222 0.343994 0.223086 0.186994 0.189051 0.199984 0.22041 0.263277 0.343403 0.486156 0.707793 0.920728 0.995109 0.957233 0.892133 0.828717 0.773976 0.682968 0.538544 0.414411 0.353378 0.310019 0.282011 0.265458 0.23306 0.164431 0.104937 0.0892461 0.0925765 0.0910805 0.091847 0.102217 
0.410552 0.368997 0.28218 0.211088 0.205976 0.239818 0.279782 0.307327 0.34642 0.428004 0.550713 0.733269 0.934732 0.994743 0.887054 0.746428 0.645057 0.622957 0.637581 0.596774 0.490407 0.386243 0.30495 0.252833 0.230386 0.21344 0.16372 0.099009 0.0637664 0.0448496 0.0311506 0.0325926 0.0473971 
0.238526 0.220997 0.198041 0.195378 0.217705 0.262232 0.33955 0.395569 0.417138 0.477606 0.580681 0.729602 0.927709 1 0.855049 0.664875 0.541616 0.521915 0.573455 0.607446 0.532894 0.41131 0.308018 0.215606 0.157141 0.141436 0.117051 0.0689621 0.0361375 0.0189959 0.0103047 0.00900274 0.012606 
0.147266 0.152173 0.164792 0.19711 0.233799 0.282328 0.384473 0.467759 0.489246 0.545597 0.642569 0.762785 0.922198 0.988801 0.871785 0.690937 0.549693 0.490894 0.521623 0.582448 0.536965 0.412412 0.291519 0.169009 0.0850019 0.0595828 0.0443564 0.0206607 0.00889772 0.00703863 0.00593857 0.00278427 0.000806179 
0.127824 0.133079 0.142902 0.167281 0.20859 0.270767 0.37275 0.45119 0.490652 0.563879 0.668935 0.783749 0.882464 0.890336 0.822486 0.722127 0.596279 0.487742 0.478175 0.535367 0.517078 0.389922 0.249359 0.133813 0.0587019 0.0298585 0.017238 0.00561497 0.000972523 0.00158775 0.00338259 0.00152944 0 
0.109991 0.102568 0.0952311 0.101031 0.13906 0.211524 0.300336 0.355812 0.399546 0.469304 0.573005 0.686284 0.758671 0.750615 0.734553 0.716936 0.625825 0.504914 0.484423 0.535278 0.522008 0.376672 0.225492 0.124847 0.0635524 0.035981 0.0251921 0.0132908 0.00307819 0.00155623 0.00237385 0.00147207 0.000323907 
0.0756601 0.0594433 0.0463917 0.0497186 0.0884985 0.168817 0.249056 0.28135 0.312748 0.371674 0.469653 0.577021 0.667503 0.711378 0.728382 0.714504 0.626641 0.523942 0.521671 0.57011 0.548343 0.396801 0.245273 0.138272 0.0785973 0.0596456 0.0543624 0.0412583 0.0207378 0.0110642 0.00766193 0.00564441 0.00546367 
0.0487337 0.030554 0.0206873 0.0290552 0.0763507 0.168622 0.237994 0.247276 0.269917 0.329518 0.428045 0.540328 0.661962 0.762063 0.781775 0.720549 0.614327 0.521669 0.523582 0.569808 0.558454 0.4269 0.27998 0.156647 0.0887902 0.0822748 0.0876941 0.0770935 0.0545255 0.0327936 0.0193842 0.017318 0.0208204 
