terrain
33 33
0.0773417 0.124619 0.210297 0.300013 0.382265 0.466 0.516048 0.495743 0.495426 0.550394 0.580618 0.601798 0.662676 0.706315 0.731803 0.751029 0.7021 0.613996 0.528565 0.470012 0.457584 0.452564 0.410701 0.358565 0.286209 0.206694 0.152499 0.105929 0.0680822 0.0529211 0.0510518 0.0477034 0.0392381 
0.103508 0.140728 0.211589 0.298667 0.393913 0.484636 0.523765 0.501142 0.496669 0.5238 0.516859 0.514396 0.566629 0.629522 0.688008 0.737604 0.736129 0.697311 0.626813 0.563322 0.538392 0.48891 0.406899 0.335939 0.264389 0.19644 0.152791 0.116761 0.077646 0.0509812 0.0418495 0.0365484 0.0307697 
0.11226 0.139458 0.195655 0.267111 0.35604 0.458232 0.514486 0.507353 0.505729 0.511694 0.468996 0.432367 0.466608 0.549312 0.640078 0.723457 0.783258 0.809798 0.777086 0.709335 0.649684 0.543336 0.415276 0.311572 0.222831 0.156774 0.125589 0.107096 0.0794029 0.0563604 0.0443382 0.0328418 0.0250863 
0.0888694 0.112383 0.158968 0.210662 0.278944 0.39195 0.504252 0.550817 0.565808 0.565063 0.500061 0.423391 0.417574 0.481898 0.572323 0.677395 0.79435 0.882494 0.893181 0.819282 0.706265 0.554789 0.402263 0.274461 0.169962 0.106235 0.0870723 0.0809687 0.0712138 0.0678315 0.0587258 0.0411564 0.0307997 
0.0700939 0.0914959 0.128768 0.165113 0.220393 0.335664 0.486427 0.588183 0.629203 0.640321 0.583091 0.478097 0.417407 0.429189 0.488261 0.590108 0.726715 0.841016 0.862591 0.772417 0.631414 0.487835 0.36364 0.245439 0.143448 0.0853669 0.0701686 0.0664845 0.0693729 0.0810848 0.0715464 0.0496362 0.0375225 
0.086738 0.108743 0.140568 0.164929 0.206506 0.303975 0.440315 0.554588 0.616815 0.641903 0.618028 0.540684 0.462145 0.438449 0.471959 0.540155 0.638231 0.738553 0.740807 0.62629 0.497742 0.404398 0.339468 0.265281 0.177957 0.114728 0.0912546 0.0833574 0.0915956 0.104404 0.0840207 0.0534101 0.0378186 
0.139855 0.162822 0.188191 0.202062 0.23028 0.311718 0.428114 0.532275 0.589571 0.587106 0.563433 0.545274 0.518534 0.511112 0.538071 0.559828 0.59071 0.641532 0.61697 0.493004 0.378522 0.327806 0.323531 0.313199 0.256694 0.188476 0.151478 0.136531 0.139639 0.13994 0.107267 0.0690185 0.0487034 
0.209535 0.230003 0.237119 0.233914 0.255764 0.338531 0.46294 0.579358 0.63407 0.592248 0.528328 0.514901 0.532171 0.560241 0.581181 0.572769 0.565926 0.567114 0.524125 0.419899 0.314301 0.272603 0.298409 0.340032 0.328444 0.271158 0.227192 0.207565 0.197196 0.179333 0.137623 0.0913379 0.062391 
0.259238 0.268611 0.26073 0.248945 0.278965 0.377138 0.514886 0.650552 0.727388 0.686129 0.58849 0.522647 0.515722 0.548746 0.559442 0.542046 0.52382 0.49366 0.446507 0.377641 0.291929 0.249103 0.278316 0.345481 0.363697 0.315221 0.271795 0.25361 0.235289 0.204479 0.153418 0.0981108 0.0614208 
0.272792 0.274847 0.277755 0.284145 0.330346 0.439441 0.580644 0.722021 0.823624 0.82067 0.724432 0.603467 0.544209 0.554909 0.541917 0.49609 0.453043 0.408038 0.363527 0.323289 0.270921 0.245217 0.283234 0.359893 0.382545 0.337109 0.295446 0.268702 0.227927 0.174751 0.11946 0.0718366 0.0416702 
0.278457 0.293713 0.322166 0.340638 0.382138 0.492856 0.641135 0.787553 0.895411 0.921256 0.842904 0.697241 0.604367 0.597766 0.558576 0.461454 0.373559 0.321843 0.297617 0.291323 0.278969 0.280241 0.31878 0.366174 0.362438 0.320493 0.28938 0.256574 0.189068 0.115678 0.0648639 0.0323926 0.0149317 
0.310418 0.324498 0.352037 0.366606 0.395817 0.501335 0.664007 0.836571 0.960594 0.990782 0.899295 0.744313 0.655897 0.641166 0.571016 0.436363 0.324732 0.275949 0.285068 0.326897 0.355757 0.368029 0.369124 0.345302 0.301465 0.263654 0.248704 0.219891 0.148746 0.0798126 0.0363391 0.012082 0.00288455 
0.399226 0.384613 0.377353 0.383291 0.405091 0.49026 0.654719 0.854847 0.992983 1 0.883889 0.743141 0.67542 0.644678 0.559483 0.443408 0.345479 0.302806 0.337781 0.41818 0.475974 0.473268 0.406679 0.308773 0.234066 0.198046 0.189272 0.16557 0.115253 0.0670611 0.0277644 0.00594004 0.000715084 
0.562277 0.520252 0.466656 0.447628 0.447285 0.483214 0.606309 0.803659 0.948965 0.94254 0.827472 0.708496 0.643816 0.600543 0.530969 0.4724 0.422788 0.403984 0.451732 0.52507 0.562687 0.524542 0.411035 0.27966 0.188531 0.142554 0.124307 0.108169 0.0855742 0.0604521 0.0288407 0.0074946 0.00199919 
0.693207 0.656607 0.581762 0.529693 0.499736 0.484906 0.543105 0.694077 0.839219 0.877421 0.810753 0.699462 0.615836 0.566566 0.512977 0.48761 0.481046 0.501509 0.554244 0.59402 0.574914 0.49304 0.369759 0.243454 0.154938 0.1083 0.0828809 0.0677104 0.0550476 0.0449429 0.0289757 0.0118188 0.00444244 
0.69472 0.690231 0.641554 0.57445 0.527396 0.495608 0.514928 0.619162 0.752749 0.843463 0.851088 0.767228 0.666353 0.593492 0.52423 0.489741 0.499749 0.548172 0.594903 0.603556 0.539979 0.416794 0.284305 0.179689 0.119348 0.0900108 0.0632221 0.0386419 0.0230177 0.0201666 0.0202937 0.0129592 0.00522082 
0.63657 0.663823 0.666442 0.610401 0.55426 0.526828 0.55033 0.646428 0.77169 0.867455 0.896849 0.84266 0.748149 0.654266 0.567323 0.525717 0.536001 0.57992 0.61131 0.590779 0.49727 0.352113 0.215398 0.129732 0.0906539 0.0722234 0.0470257 0.0201299 0.00684072 0.00546094 0.00855691 0.0082585 0.0038668 
0.605921 0.641822 0.684865 0.663236 0.603004 0.565375 0.597061 0.700412 0.816202 0.887681 0.887626 0.840632 0.770152 0.676151 0.60486 0.594898 0.609656 0.635359 0.651026 0.595702 0.462434 0.307121 0.183438 0.112444 0.0755222 0.0530443 0.0311116 0.0119848 0.00274047 0.00112466 0.00209361 0.00281643 0.00124176 
0.613994 0.63066 0.681831 0.692888 0.640041 0.581046 0.588619 0.677705 0.788565 0.851617 0.833171 0.798924 0.760102 0.677799 0.628127 0.653061 0.690459 0.726248 0.739571 0.656327 0.48397 0.306721 0.18007 0.107547 0.0667035 0.0434864 0.0257759 0.0112612 0.00264394 0.000893264 0.00119163 0.000753505 1.09485e-07 
0.668672 0.648991 0.67008 0.689147 0.649144 0.576437 0.561126 0.638727 0.761239 0.839046 0.830611 0.801645 0.762078 0.690031 0.66286 0.717528 0.790125 0.834462 0.815209 0.695756 0.501142 0.314826 0.186075 0.102886 0.0552025 0.0370984 0.0291608 0.01712 0.00537145 0.00272287 0.00347842 0.00153101 0 
0.704083 0.654988 0.63471 0.645775 0.636079 0.603453 0.610649 0.678886 0.782539 0.857511 0.877414 0.856456 0.792107 0.717921 0.709737 0.785385 0.869099 0.883229 0.80179 0.645385 0.450414 0.280849 0.167532 0.0873082 0.0398328 0.027139 0.0316681 0.0279956 0.0139647 0.0091124 0.0107084 0.00711212 0.00172684 
0.66985 0.616863 0.582108 0.587037 0.617785 0.667733 0.727674 0.768388 0.800076 0.831802 0.88235 0.897987 0.833996 0.749372 0.737265 0.798055 0.85501 0.84052 0.7375 0.581303 0.408867 0.262296 0.160523 0.0847956 0.0368075 0.0224539 0.0294206 0.037236 0.0328567 0.0271488 0.0248086 0.0180663 0.00890064 
0.640458 0.597449 0.566718 0.566932 0.617148 0.724371 0.82001 0.822163 0.785986 0.787615 0.861523 0.907619 0.871813 0.812786 0.795823 0.802001 0.798039 0.762226 0.676513 0.556234 0.418289 0.288234 0.186443 0.102295 0.0433177 0.0206995 0.0204658 0.0317622 0.0448898 0.0473344 0.040249 0.029637 0.0202073 
0.590466 0.593314 0.605875 0.61521 0.652774 0.747409 0.838713 0.834228 0.780249 0.765805 0.823642 0.872908 0.882035 0.893736 0.90753 0.873885 0.802602 0.721842 0.636091 0.551379 0.451531 0.33027 0.214105 0.116112 0.0492166 0.0191862 0.0101112 0.0151686 0.0331288 0.0471323 0.0459611 0.0409391 0.0407015 
0.52272 0.567375 0.61343 0.629648 0.653796 0.711752 0.774258 0.795319 0.772332 0.75083 0.768499 0.809767 0.850748 0.907086 0.957825 0.92716 0.822066 0.69799 0.586284 0.509204 0.437073 0.331338 0.211465 0.115712 0.0533378 0.0209018 0.00672587 0.00610784 0.016271 0.0319223 0.0429167 0.0536024 0.0700275 
0.483525 0.517652 0.551512 0.562611 0.57785 0.617098 0.662678 0.710908 0.729822 0.716686 0.712896 0.743351 0.791673 0.855122 0.909273 0.875117 0.756565 0.608244 0.471981 0.389187 0.335902 0.269742 0.187618 0.111562 0.0559379 0.0271201 0.0137175 0.0120469 0.0187075 0.0324541 0.0522755 0.0719185 0.0881087 
0.445446 0.443315 0.456781 0.471866 0.479396 0.504728 0.543771 0.591234 0.628808 0.65472 0.684084 0.717634 0.755516 0.801591 0.837018 0.781558 0.645641 0.491008 0.355786 0.27411 0.231419 0.198995 0.163402 0.113137 0.0605979 0.0347874 0.0286753 0.033965 0.0434841 0.0550514 0.0721191 0.0833412 0.0837012 
0.350334 0.323875 0.321946 0.353484 0.377689 0.400583 0.43334 0.463158 0.504193 0.582035 0.664328 0.693474 0.702793 0.719506 0.730829 0.659096 0.530374 0.413624 0.308352 0.229913 0.183889 0.155561 0.134269 0.104319 0.0608541 0.0345463 0.0333342 0.0477966 0.063431 0.0746305 0.0825392 0.0767484 0.0626988 
0.219301 0.199965 0.200058 0.240348 0.284992 0.317137 0.339618 0.356704 0.399401 0.507282 0.629474 0.65096 0.614918 0.593812 0.583246 0.522566 0.439715 0.381156 0.307421 0.228791 0.176604 0.139264 0.109407 0.0881023 0.061799 0.03893 0.0384954 0.0537701 0.0679496 0.0845961 0.0987165 0.0841638 0.0604245 
0.13612 0.1264 0.128068 0.161463 0.212441 0.256281 0.2729 0.280047 0.316577 0.429462 0.568172 0.596347 0.544145 0.504301 0.472124 0.417723 0.366864 0.33981 0.294194 0.234169 0.188074 0.141451 0.0997605 0.0810192 0.0711491 0.0587399 0.0622044 0.0767846 0.0861846 0.103412 0.119921 0.100219 0.0720149 
0.0972398 0.0890756 0.0896731 0.120776 0.180434 0.238661 0.261208 0.260916 0.277397 0.364943 0.484901 0.528786 0.511752 0.493806 0.459755 0.398726 0.334179 0.29487 0.269327 0.239027 0.198616 0.144078 0.102926 0.0938331 0.094484 0.0883247 0.0981077 0.119225 0.125994 0.127415 0.121434 0.0953245 0.0713932 
0.0640218 0.0620003 0.0702957 0.114044 0.192259 0.259534 0.282666 0.272164 0.266775 0.33052 0.435606 0.492501 0.504856 0.514106 0.496672 0.440027 0.357994 0.296543 0.269878 0.245742 0.198465 0.145739 0.119017 0.12662 0.142631 0.140997 0.150062 0.17116 0.169978 0.142789 0.108848 0.0805389 0.0627971 
0.0441329 0.0484421 0.0632826 0.118082 0.213743 0.287593 0.307233 0.279208 0.249446 0.303554 0.416973 0.482802 0.497016 0.516037 0.514289 0.482186 0.410478 0.334638 0.288826 0.249547 0.194765 0.15512 0.148041 0.1677 0.198254 0.204065 0.202603 0.20747 0.195617 0.149219 0.0998766 0.0683022 0.0510876 
