terrain
65 65
0.529165 0.492685 0.43932 0.37347 0.30523 0.245968 0.198987 0.163048 0.139989 0.150385 0.183295 0.201305 0.195301 0.176544 0.149883 0.120345 0.0887476 0.0659629 0.0573501 0.0606609 0.064566 0.0639135 0.0609613 0.0631993 0.0643917 0.0550825 0.0447847 0.044787 0.0474062 0.0479389 0.0501601 0.0594127 0.0754356 0.102481 0.132846 0.156955 0.176588 0.186271 0.198045 0.207158 0.209616 0.209135 0.207911 0.216466 0.235066 0.242735 0.225224 0.216524 0.223156 0.227409 0.217355 0.215382 0.23692 0.26299 0.287291 0.34546 0.431534 0.499749 0.536006 0.548252 0.567537 0.586829 0.606136 0.641676 0.665616 
0.478454 0.454035 0.406199 0.343943 0.281151 0.227741 0.187027 0.157043 0.137282 0.144484 0.17172 0.18765 0.175437 0.147997 0.12411 0.103751 0.0754302 0.054198 0.0496342 0.0575488 0.0668554 0.0706929 0.0692695 0.0736446 0.0788749 0.0690585 0.0547821 0.0515413 0.0531757 0.0556935 0.0604949 0.0701594 0.0849916 0.106505 0.131439 0.155953 0.177785 0.18626 0.195234 0.210868 0.224823 0.233787 0.241197 0.256359 0.272894 0.274406 0.253497 0.234502 0.227651 0.221048 0.208876 0.210237 0.232918 0.262423 0.298806 0.375095 0.471718 0.534202 0.56884 0.598298 0.636042 0.660593 0.677225 0.700723 0.708158 
0.418676 0.403965 0.368072 0.312176 0.253473 0.206305 0.175506 0.156424 0.141497 0.147298 0.175088 0.192836 0.171171 0.126513 0.0967404 0.0813958 0.0602493 0.0435548 0.0449214 0.0596991 0.0740436 0.0812935 0.0835537 0.0882904 0.0938457 0.0855406 0.0686941 0.0603647 0.0622494 0.0682414 0.0785858 0.095205 0.114216 0.12486 0.129527 0.141868 0.163901 0.177918 0.188134 0.212708 0.250695 0.280253 0.293643 0.309733 0.323878 0.318054 0.288511 0.252199 0.229552 0.21513 0.201472 0.204606 0.228588 0.263183 0.311018 0.406744 0.524008 0.592208 0.632233 0.683436 0.730212 0.742334 0.758998 0.782483 0.781703 
0.376036 0.372429 0.350807 0.298474 0.242696 0.205427 0.183344 0.168198 0.154638 0.160557 0.186417 0.198878 0.169764 0.114652 0.0774496 0.0607831 0.0454473 0.0324115 0.0360469 0.0537956 0.0697115 0.0803298 0.0915753 0.0985413 0.10057 0.0952027 0.0822622 0.0713039 0.0727831 0.0814347 0.0989563 0.125132 0.148285 0.145814 0.126254 0.119482 0.131154 0.148523 0.168772 0.209715 0.271917 0.317522 0.331502 0.344472 0.359223 0.353783 0.322095 0.279337 0.249792 0.22904 0.210028 0.212283 0.236863 0.273607 0.328718 0.439742 0.580084 0.6679 0.716559 0.771691 0.805708 0.794894 0.809905 0.851884 0.871599 
0.352302 0.358115 0.343918 0.293598 0.245438 0.220672 0.203687 0.184121 0.167977 0.174689 0.192838 0.193701 0.163408 0.112142 0.072583 0.0497607 0.0331692 0.0222622 0.0258814 0.040944 0.0542355 0.0680064 0.0892839 0.103012 0.103198 0.0981196 0.0904296 0.0810602 0.0829023 0.093204 0.111962 0.135826 0.153992 0.14849 0.123592 0.106178 0.10352 0.115814 0.145791 0.201504 0.273883 0.320777 0.334709 0.348065 0.35943 0.351592 0.327001 0.298329 0.275481 0.255917 0.239415 0.241904 0.264241 0.303149 0.36984 0.489645 0.629834 0.725482 0.775846 0.815872 0.83839 0.822996 0.83822 0.89637 0.934508 
0.323135 0.334972 0.327962 0.287058 0.254185 0.241205 0.223546 0.199827 0.182905 0.187912 0.198158 0.189448 0.157019 0.111234 0.0721838 0.0447383 0.0266902 0.0187467 0.0223612 0.0325901 0.0426897 0.0572402 0.0809733 0.0992637 0.102772 0.100562 0.0946761 0.0865157 0.0902574 0.104633 0.120609 0.131268 0.137563 0.138819 0.125794 0.105341 0.0924178 0.100043 0.132026 0.183211 0.244373 0.29051 0.312519 0.327961 0.330792 0.312091 0.289441 0.279775 0.275917 0.274721 0.283338 0.299735 0.321166 0.360912 0.437438 0.548104 0.655956 0.737289 0.788054 0.828845 0.86026 0.85539 0.876026 0.93743 0.974003 
0.293233 0.312765 0.320101 0.29446 0.273007 0.259447 0.232907 0.208377 0.194117 0.196367 0.203396 0.188032 0.148443 0.103555 0.0667636 0.0416482 0.027462 0.0226731 0.0249506 0.0300657 0.0384637 0.0531083 0.0743386 0.0943483 0.105432 0.106961 0.0969683 0.0870815 0.0913682 0.10719 0.117455 0.11747 0.118589 0.127901 0.129857 0.115693 0.101952 0.10863 0.133933 0.163943 0.199232 0.238472 0.268138 0.289289 0.292307 0.272221 0.253356 0.256455 0.272696 0.293492 0.331479 0.37383 0.403786 0.443664 0.517649 0.606603 0.680747 0.739718 0.785931 0.833028 0.871953 0.880243 0.909777 0.965669 1 
0.284506 0.309487 0.331336 0.319623 0.294393 0.260075 0.218687 0.195326 0.188176 0.19146 0.197882 0.180245 0.140256 0.099588 0.0673539 0.0466424 0.0362274 0.0320269 0.0314136 0.0332808 0.0425338 0.0604664 0.0825868 0.102019 0.113343 0.112568 0.0987588 0.0881919 0.0918872 0.101607 0.10194 0.0990548 0.105916 0.124205 0.138249 0.135571 0.128687 0.13665 0.151887 0.161143 0.174488 0.197808 0.220564 0.24757 0.268242 0.266917 0.258575 0.26479 0.286833 0.318853 0.375629 0.439507 0.477393 0.514269 0.577309 0.647952 0.701038 0.737517 0.776925 0.821872 0.857007 0.877911 0.909524 0.950332 0.982173 
0.299319 0.322769 0.350024 0.347848 0.309686 0.248661 0.195116 0.169587 0.164168 0.168553 0.17611 0.164496 0.135502 0.102346 0.0749661 0.0562626 0.0437399 0.0355076 0.0325073 0.0357698 0.0496426 0.0765359 0.10719 0.125075 0.128607 0.123096 0.110691 0.0999957 0.0978258 0.094312 0.0853265 0.0844191 0.0995055 0.12548 0.146122 0.149519 0.14645 0.153902 0.161472 0.159701 0.165266 0.184267 0.204431 0.229725 0.258514 0.275223 0.28161 0.289841 0.310146 0.350664 0.421812 0.498846 0.537852 0.560964 0.60518 0.661383 0.700942 0.720677 0.756959 0.805451 0.838607 0.859327 0.88067 0.910406 0.943686 
0.339477 0.345719 0.357482 0.358338 0.31831 0.246717 0.190468 0.162284 0.153215 0.15529 0.159763 0.150074 0.130907 0.105806 0.0814607 0.0622399 0.0472872 0.0378818 0.0362489 0.0442519 0.0630428 0.0931623 0.126207 0.144036 0.146612 0.140435 0.128649 0.114025 0.101582 0.0877131 0.0727581 0.0676906 0.0794939 0.103745 0.126151 0.135244 0.135577 0.141008 0.143611 0.139234 0.145969 0.173376 0.207344 0.22948 0.24504 0.259995 0.281228 0.30582 0.333655 0.38389 0.463932 0.549248 0.594564 0.606681 0.631397 0.681134 0.716764 0.724226 0.749312 0.794543 0.818186 0.818369 0.825474 0.857367 0.898878 
0.366486 0.349495 0.339668 0.344105 0.32336 0.260243 0.201927 0.171344 0.160969 0.15877 0.153333 0.137823 0.124537 0.114133 0.0991538 0.0811412 0.0657267 0.0582577 0.0586581 0.0670531 0.0826739 0.100227 0.121406 0.141772 0.150469 0.140477 0.122839 0.105408 0.0899344 0.0772164 0.0617782 0.0494673 0.0505997 0.0667999 0.0909221 0.110737 0.117774 0.118631 0.116573 0.113022 0.11965 0.149109 0.194556 0.219292 0.224172 0.235694 0.27106 0.312677 0.345499 0.398416 0.479041 0.566417 0.625025 0.645094 0.660717 0.709002 0.749565 0.750688 0.756634 0.783201 0.785506 0.770411 0.788748 0.836037 0.872516 
0.371051 0.344034 0.325552 0.332151 0.330528 0.281906 0.215733 0.175073 0.161299 0.155683 0.142592 0.124585 0.118018 0.124877 0.128454 0.120019 0.107082 0.100832 0.0969979 0.0931152 0.0944916 0.0944986 0.103447 0.124077 0.131238 0.114458 0.0946824 0.0812492 0.0687972 0.058769 0.04601 0.0338151 0.031753 0.0419943 0.0622229 0.0855424 0.0979319 0.094628 0.0904359 0.092691 0.102505 0.127082 0.167076 0.197418 0.214691 0.235822 0.274764 0.311268 0.330431 0.370439 0.445164 0.539109 0.620307 0.662307 0.680376 0.722225 0.766142 0.772572 0.766948 0.769279 0.754752 0.751554 0.805376 0.8713 0.894546 
0.394041 0.363797 0.344175 0.350244 0.351685 0.306291 0.231895 0.178313 0.15127 0.136937 0.122006 0.111168 0.113761 0.127454 0.142175 0.147226 0.139585 0.131538 0.119052 0.103545 0.0974524 0.0933863 0.0973237 0.110745 0.109417 0.0913097 0.0750659 0.065141 0.0540807 0.0437945 0.03267 0.0233916 0.0233051 0.030245 0.0420417 0.0600469 0.0748654 0.0740393 0.0721595 0.0826009 0.0989842 0.119238 0.147852 0.179137 0.212539 0.248333 0.289149 0.321506 0.330011 0.349337 0.408388 0.505253 0.605587 0.666751 0.691286 0.72125 0.757958 0.766715 0.753804 0.739491 0.718785 0.738317 0.827382 0.913985 0.940023 
0.434765 0.405057 0.38927 0.396222 0.389245 0.329978 0.250947 0.196595 0.15869 0.129706 0.110347 0.10746 0.117018 0.125026 0.131974 0.136059 0.13296 0.129816 0.11764 0.10308 0.100449 0.102559 0.104782 0.105069 0.0925113 0.0751 0.0645713 0.0599315 0.0513078 0.0381855 0.0245492 0.0166493 0.0194829 0.027574 0.0355205 0.0477485 0.0604619 0.0629436 0.0646681 0.080692 0.102566 0.123469 0.149581 0.178539 0.210854 0.250603 0.301902 0.351626 0.368717 0.373232 0.409992 0.489942 0.58682 0.66441 0.706191 0.724752 0.735593 0.729539 0.717386 0.711129 0.703716 0.731967 0.811505 0.891494 0.924834 
0.488583 0.45888 0.446226 0.453938 0.434616 0.358755 0.279381 0.233652 0.198497 0.159914 0.129585 0.1225 0.127497 0.122949 0.117517 0.114621 0.114911 0.120477 0.117063 0.106615 0.10018 0.100638 0.101309 0.0923327 0.0715346 0.055516 0.0513595 0.0553106 0.0543409 0.0411843 0.0237345 0.0146207 0.0177255 0.0272899 0.0365059 0.048744 0.0612265 0.0646914 0.0674369 0.0846504 0.106389 0.126508 0.152551 0.178524 0.202206 0.234755 0.292559 0.366292 0.406939 0.412801 0.433198 0.489215 0.566624 0.644613 0.696725 0.707179 0.692815 0.672266 0.674936 0.699381 0.724465 0.756317 0.796094 0.838254 0.859957 
0.540626 0.511116 0.500082 0.511196 0.485303 0.400903 0.319598 0.276962 0.252353 0.217817 0.177943 0.155302 0.140364 0.119134 0.108935 0.11008 0.115823 0.123875 0.124007 0.111808 0.0928387 0.082503 0.0791843 0.0691126 0.0509714 0.0415184 0.0430843 0.0515087 0.0578031 0.051952 0.0355418 0.0234939 0.0238176 0.0316166 0.0425552 0.0603031 0.0771315 0.0774562 0.0730813 0.0851661 0.10534 0.124019 0.14607 0.170828 0.191386 0.212602 0.261629 0.340796 0.402336 0.424461 0.44234 0.48693 0.546235 0.611363 0.659877 0.664402 0.645857 0.628431 0.6478 0.701508 0.758123 0.795504 0.809316 0.825298 0.837361 
0.56719 0.547521 0.539374 0.545669 0.514043 0.436227 0.365564 0.324676 0.2995 0.263454 0.217078 0.182448 0.150305 0.1164 0.102453 0.110292 0.123531 0.129242 0.121964 0.103129 0.0782725 0.0648196 0.0603935 0.0542634 0.0442886 0.0428073 0.0493813 0.0570842 0.0634334 0.0639245 0.0534061 0.0407984 0.0383159 0.0458254 0.060081 0.083192 0.102619 0.0981985 0.0833103 0.0858074 0.104048 0.124133 0.143705 0.168495 0.188982 0.20397 0.240873 0.305927 0.368543 0.401659 0.41972 0.459041 0.501894 0.548477 0.59893 0.618283 0.617362 0.615945 0.645341 0.703284 0.762166 0.804352 0.825047 0.841273 0.854339 
0.571867 0.569137 0.563774 0.546547 0.500274 0.443821 0.399651 0.358768 0.311632 0.257551 0.20912 0.181296 0.156418 0.123377 0.10177 0.104139 0.115963 0.115228 0.098302 0.0779044 0.0596855 0.0522387 0.0515866 0.0519872 0.050193 0.0539978 0.0612462 0.061672 0.0608758 0.0628372 0.0598914 0.0522347 0.0519965 0.0638076 0.0833142 0.107126 0.125568 0.123768 0.106729 0.101493 0.115018 0.133851 0.149744 0.169941 0.189243 0.204428 0.236765 0.287824 0.335511 0.354204 0.359989 0.392827 0.430745 0.466882 0.518086 0.561661 0.591796 0.609722 0.633166 0.667601 0.710242 0.76812 0.822618 0.854726 0.868968 
0.555851 0.564379 0.561336 0.52027 0.460343 0.421296 0.392632 0.342863 0.277134 0.215826 0.17391 0.160336 0.155524 0.138393 0.116124 0.106607 0.105894 0.0955985 0.0739031 0.0561284 0.0452804 0.041868 0.0431615 0.0481818 0.0535189 0.0613304 0.0666514 0.0589165 0.0492427 0.0497376 0.0528916 0.0513281 0.055466 0.071225 0.0935296 0.116507 0.134159 0.140368 0.132331 0.125594 0.133225 0.150418 0.163939 0.177175 0.191923 0.205566 0.237324 0.28244 0.310238 0.299362 0.289372 0.317097 0.358287 0.393257 0.433705 0.482459 0.533053 0.569001 0.592855 0.618614 0.658984 0.734417 0.815158 0.860027 0.869815 
0.522122 0.520465 0.513361 0.469614 0.408883 0.369083 0.331885 0.272465 0.212956 0.171325 0.146564 0.145005 0.156134 0.155643 0.133316 0.106565 0.0908087 0.0794843 0.0638009 0.050681 0.0415607 0.0357942 0.0340638 0.0376727 0.0465578 0.0617048 0.0713947 0.0620647 0.0462298 0.0418436 0.0444947 0.0464708 0.0539814 0.070069 0.0885222 0.105775 0.121941 0.136471 0.141962 0.142754 0.151849 0.168316 0.178666 0.189715 0.201451 0.207135 0.231157 0.269736 0.281165 0.253379 0.241316 0.270578 0.312986 0.343768 0.363973 0.395787 0.447591 0.502137 0.547258 0.582771 0.629209 0.712729 0.800327 0.845316 0.846006 
0.459665 0.444914 0.430747 0.397625 0.345358 0.301808 0.261782 0.211647 0.171307 0.150342 0.139402 0.141864 0.155112 0.157291 0.129527 0.0916832 0.0701585 0.0648525 0.0625778 0.0585277 0.0506763 0.0410971 0.0349843 0.0336765 0.0401471 0.0601802 0.0800549 0.0772827 0.0585339 0.0472822 0.0471319 0.0545183 0.0661763 0.0782393 0.0869578 0.0958205 0.110751 0.128081 0.139194 0.147698 0.159989 0.171982 0.179255 0.192582 0.201722 0.197022 0.205467 0.230783 0.236088 0.217191 0.218702 0.253899 0.292603 0.311795 0.31851 0.342645 0.393696 0.458617 0.517078 0.544489 0.5761 0.646441 0.724822 0.76846 0.773635 
0.374067 0.354772 0.336053 0.310951 0.27179 0.240683 0.216844 0.187789 0.165074 0.154555 0.148915 0.14592 0.147797 0.141692 0.112831 0.0787696 0.0598898 0.0585955 0.0662082 0.0735835 0.0732053 0.0651777 0.0560929 0.0491299 0.0505027 0.0685999 0.0930459 0.0987947 0.0805199 0.0648183 0.0655299 0.0808649 0.0931672 0.0942338 0.0902291 0.091251 0.102496 0.11331 0.122403 0.135302 0.145808 0.150311 0.156048 0.165309 0.169003 0.16583 0.170304 0.184884 0.187345 0.183666 0.197987 0.23379 0.271684 0.294682 0.311378 0.341303 0.382508 0.433399 0.483002 0.493358 0.494792 0.534441 0.597167 0.642743 0.661966 
0.313015 0.296014 0.273436 0.244603 0.211852 0.192428 0.183832 0.175009 0.167886 0.166792 0.166918 0.155315 0.138706 0.120216 0.0925729 0.0688969 0.0605398 0.0671972 0.0803377 0.0927438 0.102519 0.106516 0.103119 0.0943396 0.0909679 0.104477 0.124677 0.130803 0.113259 0.0953132 0.096334 0.115037 0.123923 0.115222 0.100381 0.090286 0.0899229 0.0901695 0.0960357 0.108987 0.115984 0.116904 0.120254 0.118121 0.115136 0.122735 0.136057 0.1478 0.150929 0.157201 0.175108 0.206004 0.250461 0.293459 0.329284 0.358606 0.376485 0.397045 0.425142 0.435713 0.43387 0.455421 0.501428 0.541012 0.563205 
0.284129 0.281412 0.262813 0.225954 0.184972 0.161847 0.159179 0.165614 0.171648 0.180223 0.18425 0.164675 0.131399 0.102334 0.0758791 0.0612819 0.0656632 0.0833627 0.101348 0.113269 0.127851 0.143984 0.152208 0.148148 0.145725 0.16063 0.177202 0.178367 0.160673 0.139282 0.133912 0.145722 0.147778 0.132557 0.111022 0.0930909 0.0829496 0.0765914 0.0787934 0.0883873 0.093746 0.0929318 0.0908391 0.0832631 0.0804668 0.0937494 0.10891 0.116547 0.123836 0.14126 0.163391 0.191526 0.237883 0.288 0.3307 0.351144 0.346939 0.34178 0.35093 0.37055 0.386198 0.405052 0.438361 0.474955 0.498124 
0.268354 0.277889 0.273508 0.244552 0.197427 0.163055 0.158794 0.17272 0.187688 0.19944 0.196681 0.167268 0.128186 0.098395 0.0740346 0.0615885 0.0701359 0.0924619 0.114217 0.12945 0.147919 0.170258 0.18428 0.182397 0.182902 0.201872 0.21948 0.221657 0.209184 0.189689 0.176414 0.170591 0.16006 0.143461 0.124059 0.105394 0.0913324 0.082582 0.0812268 0.0852569 0.0865494 0.0811832 0.0732957 0.0671824 0.0672395 0.0764017 0.0841261 0.0858156 0.0942336 0.118177 0.145142 0.175011 0.218273 0.261701 0.301647 0.318137 0.305927 0.292088 0.295375 0.315536 0.336536 0.354826 0.384418 0.427269 0.462223 
0.278007 0.28173 0.282205 0.268875 0.235421 0.202416 0.195039 0.205607 0.216359 0.217969 0.203642 0.168877 0.131816 0.106176 0.0855727 0.0734439 0.0779538 0.0949881 0.116426 0.13759 0.160109 0.186584 0.204305 0.201788 0.199107 0.211002 0.225004 0.234697 0.236629 0.232577 0.219477 0.193191 0.165918 0.153465 0.148434 0.135966 0.120212 0.107394 0.0994131 0.0963993 0.0905493 0.0790852 0.0681848 0.0650524 0.0646369 0.0639037 0.0653603 0.0676132 0.0743068 0.0907395 0.113102 0.144731 0.185362 0.219798 0.252004 0.273814 0.273374 0.265749 0.273999 0.296904 0.324062 0.346506 0.373194 0.413021 0.449866 
0.29767 0.292884 0.285113 0.278091 0.27287 0.264671 0.257888 0.251316 0.240351 0.221822 0.200484 0.173195 0.146132 0.126009 0.107042 0.0951253 0.0960477 0.108171 0.12748 0.149286 0.165303 0.183349 0.202121 0.206464 0.202009 0.200123 0.205629 0.220043 0.234724 0.25314 0.254046 0.220125 0.179031 0.163885 0.166627 0.16074 0.148643 0.132845 0.114762 0.103465 0.0947533 0.0840825 0.0730426 0.0705994 0.0706221 0.0669124 0.066038 0.066966 0.0663581 0.0688466 0.0812154 0.109204 0.146151 0.178224 0.208191 0.238517 0.255294 0.257485 0.275062 0.312127 0.354989 0.383527 0.401329 0.424709 0.445651 
0.297469 0.293687 0.283903 0.285843 0.307225 0.328632 0.326369 0.299971 0.261535 0.217402 0.184718 0.163805 0.151327 0.144569 0.129049 0.115479 0.11571 0.126299 0.143016 0.163085 0.171256 0.174033 0.187124 0.200031 0.196807 0.185776 0.184755 0.1953 0.211384 0.245447 0.266465 0.242271 0.199359 0.175548 0.171404 0.170291 0.167731 0.150372 0.124662 0.110427 0.103309 0.093556 0.0819186 0.0793626 0.0826775 0.0851896 0.0847898 0.0785084 0.0657979 0.0559339 0.0581638 0.0758998 0.105774 0.147009 0.193235 0.233494 0.253672 0.254182 0.276282 0.333163 0.390327 0.413997 0.417267 0.425795 0.431827 
0.293658 0.290314 0.289063 0.306462 0.342647 0.378491 0.38585 0.352802 0.29024 0.220484 0.172647 0.149791 0.150342 0.161826 0.153389 0.135198 0.13069 0.137751 0.150302 0.168661 0.176084 0.170027 0.177112 0.19473 0.196948 0.188702 0.185859 0.187182 0.197518 0.231596 0.259515 0.252965 0.225477 0.200076 0.187667 0.185457 0.183869 0.167817 0.146275 0.13465 0.125513 0.109932 0.0929372 0.0837339 0.0843148 0.0923821 0.0967612 0.0888459 0.071332 0.0548623 0.0492966 0.0581856 0.0831812 0.133745 0.19659 0.24235 0.257096 0.252274 0.273649 0.338859 0.403136 0.423059 0.41669 0.413357 0.410813 
0.323567 0.311123 0.312936 0.337187 0.37595 0.411426 0.419528 0.389613 0.322978 0.243478 0.186534 0.158333 0.159039 0.17495 0.173784 0.155851 0.145754 0.14763 0.152771 0.16494 0.171512 0.166437 0.180331 0.208465 0.220926 0.221646 0.214254 0.20318 0.209448 0.233671 0.253764 0.262176 0.258634 0.243406 0.228903 0.216784 0.202813 0.190029 0.177999 0.164005 0.14825 0.128001 0.1062 0.0882378 0.0816933 0.0885755 0.098485 0.096892 0.0842093 0.06634 0.0554449 0.0593552 0.0810016 0.129351 0.195341 0.246231 0.260437 0.255593 0.272268 0.326711 0.390647 0.429379 0.436277 0.425879 0.416557 
0.377984 0.353901 0.348464 0.369657 0.40078 0.423236 0.420148 0.396936 0.349397 0.2834 0.228369 0.19289 0.176183 0.174949 0.175929 0.168053 0.160402 0.158771 0.15817 0.166312 0.171556 0.170374 0.194847 0.235605 0.260948 0.27325 0.264367 0.244676 0.245563 0.252803 0.255856 0.263059 0.274186 0.276179 0.270745 0.254171 0.233413 0.222239 0.210716 0.190696 0.17248 0.148984 0.122962 0.104896 0.0977363 0.0991275 0.104372 0.102022 0.0930504 0.0808699 0.0722276 0.0746233 0.0911054 0.126912 0.181845 0.2319 0.250151 0.255663 0.278397 0.327857 0.393619 0.454922 0.482553 0.47593 0.466464 
0.424076 0.389342 0.367025 0.374449 0.393269 0.403473 0.395116 0.386171 0.365294 0.321125 0.277497 0.235655 0.195966 0.17029 0.165681 0.170031 0.169241 0.163874 0.1622 0.175609 0.186683 0.188939 0.212788 0.254925 0.289777 0.315021 0.316524 0.298276 0.289808 0.280697 0.268205 0.25848 0.260713 0.267867 0.275419 0.272589 0.263931 0.252818 0.23466 0.214656 0.1967 0.166396 0.1381 0.127099 0.125526 0.120864 0.110915 0.0983485 0.0911879 0.0908597 0.0906477 0.0917792 0.102569 0.129793 0.172533 0.213255 0.235701 0.261233 0.301915 0.355857 0.42614 0.489655 0.516608 0.51943 0.523185 
0.445945 0.402273 0.360399 0.347048 0.356224 0.364622 0.36123 0.370745 0.375851 0.347063 0.309423 0.267568 0.220111 0.179506 0.165706 0.171676 0.168255 0.156619 0.158534 0.18122 0.200862 0.20669 0.223337 0.263872 0.310209 0.342053 0.3476 0.329681 0.308025 0.285044 0.261828 0.239132 0.231393 0.239289 0.256866 0.268535 0.271067 0.257108 0.235544 0.220869 0.203236 0.173552 0.151506 0.144687 0.142003 0.13297 0.114758 0.0982419 0.0942706 0.101091 0.105696 0.106187 0.117434 0.147621 0.187359 0.217331 0.24174 0.291402 0.352111 0.407515 0.472545 0.515896 0.523936 0.533359 0.551845 
0.407723 0.371542 0.330481 0.306266 0.308213 0.317763 0.321313 0.348532 0.383283 0.370129 0.331133 0.29474 0.255433 0.207425 0.17538 0.167282 0.156274 0.145735 0.155204 0.181989 0.202287 0.213458 0.234673 0.279249 0.333863 0.3593 0.342528 0.306133 0.27248 0.244955 0.222992 0.207564 0.207201 0.221451 0.240453 0.245847 0.243077 0.231337 0.218641 0.210869 0.195886 0.177976 0.167255 0.159246 0.150286 0.142014 0.130278 0.119158 0.117785 0.126285 0.13443 0.134976 0.143635 0.174525 0.217152 0.248697 0.279316 0.339858 0.406401 0.461715 0.521495 0.546894 0.532766 0.538128 0.563141 
0.344116 0.332651 0.305894 0.273816 0.266677 0.27925 0.296006 0.33519 0.379531 0.373133 0.338092 0.316273 0.293911 0.243032 0.189282 0.163321 0.148837 0.145317 0.160316 0.180592 0.191404 0.208415 0.244836 0.29201 0.33491 0.340454 0.29588 0.24109 0.208771 0.193066 0.184811 0.186495 0.19673 0.207539 0.214317 0.20668 0.197239 0.191922 0.190308 0.189285 0.182713 0.177786 0.174041 0.165464 0.158994 0.160611 0.161777 0.160561 0.159799 0.161265 0.165863 0.165594 0.170435 0.19785 0.241137 0.281759 0.323659 0.382009 0.443384 0.502143 0.564959 0.582084 0.552384 0.548841 0.572892 
0.297742 0.307858 0.296985 0.266491 0.25603 0.272826 0.304789 0.34538 0.367996 0.348029 0.319475 0.313355 0.302373 0.254586 0.198213 0.167205 0.151935 0.15041 0.164825 0.176716 0.179045 0.195557 0.235672 0.276513 0.299784 0.289746 0.240753 0.189278 0.166474 0.163036 0.167574 0.179069 0.18935 0.182366 0.169365 0.158507 0.154078 0.157609 0.160546 0.15882 0.159626 0.166578 0.167008 0.160487 0.165319 0.184229 0.200433 0.20653 0.195724 0.176404 0.165406 0.161951 0.17054 0.198761 0.238914 0.28378 0.339894 0.403592 0.461852 0.516502 0.576624 0.593856 0.567607 0.564285 0.589549 
0.271576 0.288329 0.294421 0.279197 0.271691 0.289999 0.328134 0.363367 0.363195 0.327919 0.298126 0.291743 0.278214 0.239722 0.203561 0.182292 0.167767 0.162359 0.170843 0.177081 0.176684 0.18743 0.214196 0.242012 0.254046 0.241854 0.205345 0.16763 0.152897 0.153235 0.15909 0.166805 0.168656 0.149883 0.12857 0.119571 0.119552 0.125167 0.126367 0.12627 0.136951 0.157346 0.168528 0.16896 0.178766 0.202046 0.225681 0.237325 0.218185 0.182767 0.160094 0.154684 0.169322 0.199528 0.235251 0.281905 0.34988 0.418802 0.465421 0.500933 0.544143 0.564117 0.558344 0.566492 0.596526 
0.262019 0.279143 0.298936 0.298183 0.290616 0.297891 0.324585 0.345937 0.336205 0.305268 0.281328 0.270549 0.25072 0.224397 0.213862 0.208609 0.197289 0.185637 0.1871 0.192641 0.1938 0.196841 0.201283 0.209665 0.215111 0.211754 0.193986 0.169319 0.155183 0.146566 0.14068 0.137082 0.128948 0.110471 0.0951058 0.0913911 0.0938635 0.0949777 0.0900145 0.0947355 0.116469 0.146187 0.170767 0.183838 0.191678 0.203174 0.222876 0.239382 0.226723 0.197558 0.180217 0.179814 0.198729 0.228468 0.264382 0.316406 0.389257 0.448216 0.465395 0.471821 0.495858 0.51815 0.533309 0.548785 0.568886 
0.257985 0.275351 0.298327 0.303472 0.296293 0.294478 0.305098 0.302622 0.281214 0.262544 0.255407 0.246572 0.222004 0.205555 0.212239 0.218386 0.213424 0.207688 0.212138 0.218345 0.216847 0.211005 0.201025 0.197697 0.20341 0.212829 0.208554 0.185222 0.161179 0.140551 0.121696 0.10385 0.0842255 0.0672977 0.0626827 0.0702927 0.0788019 0.0748487 0.0618575 0.0623313 0.0817273 0.112136 0.145028 0.172333 0.189278 0.201852 0.222004 0.240377 0.235167 0.219569 0.215519 0.228561 0.254245 0.280054 0.313231 0.371382 0.446479 0.487713 0.473823 0.455058 0.467136 0.496055 0.522905 0.52875 0.52364 
0.263083 0.269735 0.278187 0.279921 0.276875 0.272774 0.273361 0.261802 0.235113 0.216191 0.215368 0.209345 0.183945 0.171356 0.181761 0.193465 0.197883 0.207286 0.217084 0.217831 0.211861 0.21013 0.210364 0.212139 0.222333 0.236793 0.23676 0.203787 0.160019 0.127192 0.100397 0.0748776 0.0527482 0.0399583 0.0417772 0.0544978 0.0638596 0.0580105 0.0439863 0.0386534 0.0482522 0.0732653 0.107298 0.14398 0.178474 0.206147 0.232647 0.251 0.249792 0.241106 0.245867 0.270668 0.296934 0.311671 0.338438 0.404575 0.48507 0.517957 0.491019 0.456071 0.453972 0.483194 0.5074 0.499823 0.479521 
0.279124 0.267945 0.259192 0.249403 0.237295 0.225171 0.223384 0.226799 0.216538 0.197776 0.190051 0.179274 0.151137 0.133844 0.13824 0.152753 0.165445 0.184392 0.198518 0.197523 0.192268 0.203141 0.223171 0.234901 0.247272 0.259068 0.258739 0.220468 0.162692 0.118527 0.0855967 0.0587131 0.0392424 0.0304429 0.0340108 0.0433086 0.0457225 0.0417287 0.0355926 0.0309877 0.0344879 0.0512461 0.0795181 0.119746 0.167005 0.206556 0.237161 0.251532 0.254483 0.253976 0.26369 0.287003 0.304423 0.314042 0.3438 0.415351 0.499386 0.531804 0.500158 0.455046 0.43736 0.45544 0.475825 0.477445 0.468238 
0.305341 0.283802 0.258073 0.226177 0.195157 0.177867 0.181606 0.204174 0.220736 0.212952 0.194126 0.171019 0.13997 0.11803 0.115387 0.129012 0.148643 0.176671 0.199213 0.200002 0.189005 0.196212 0.214952 0.222734 0.232603 0.246207 0.247899 0.217697 0.170274 0.126736 0.0894792 0.0605866 0.0404822 0.0316294 0.0324407 0.0337877 0.0294828 0.0275537 0.0290486 0.0299071 0.0321788 0.0422619 0.0644776 0.104283 0.152945 0.193069 0.220547 0.229585 0.238855 0.25773 0.280911 0.30345 0.316507 0.326172 0.36039 0.427754 0.501123 0.532989 0.503985 0.457117 0.431908 0.437744 0.461426 0.490684 0.509302 
0.332267 0.306874 0.262326 0.211212 0.170832 0.15383 0.161472 0.190994 0.225056 0.230889 0.206141 0.178306 0.152744 0.129006 0.120407 0.133676 0.161322 0.194515 0.215739 0.212934 0.19694 0.190776 0.184502 0.17104 0.172276 0.186684 0.190624 0.176465 0.154862 0.126356 0.0930118 0.0653619 0.0448229 0.0343071 0.0305936 0.025331 0.0190396 0.0180017 0.0217975 0.027411 0.0322399 0.0406796 0.0611995 0.0993855 0.141476 0.174116 0.19505 0.205259 0.224156 0.258585 0.295453 0.329438 0.351393 0.358858 0.382415 0.437123 0.500599 0.540888 0.518495 0.462158 0.431032 0.435589 0.462679 0.503585 0.536476 
0.332797 0.3076 0.253085 0.195379 0.156777 0.142394 0.151039 0.179989 0.214659 0.220897 0.199134 0.187483 0.181727 0.16375 0.152417 0.161568 0.181719 0.199064 0.203973 0.198033 0.190254 0.17608 0.146641 0.118857 0.113266 0.121379 0.125356 0.125144 0.12251 0.108773 0.0840826 0.0613745 0.0427911 0.0299957 0.0226064 0.0156919 0.0101158 0.00924204 0.0139487 0.0233125 0.0325464 0.0440635 0.0651729 0.0977243 0.134661 0.169211 0.190952 0.204391 0.231218 0.268442 0.300513 0.336224 0.371545 0.388583 0.408549 0.460489 0.522758 0.560859 0.531165 0.460373 0.423774 0.432851 0.460286 0.49754 0.528051 
0.307532 0.275516 0.223532 0.173181 0.138769 0.125199 0.134273 0.16207 0.191534 0.196639 0.184285 0.191596 0.206387 0.203009 0.1964 0.193565 0.1866 0.178338 0.168688 0.158854 0.157137 0.144523 0.111873 0.0851247 0.0786194 0.0827211 0.0871335 0.0929336 0.0984396 0.0935732 0.0762562 0.0579883 0.0408476 0.0246104 0.014398 0.00793588 0.00319037 0.00207964 0.0058637 0.0172064 0.03256 0.0506175 0.0714016 0.0959241 0.133299 0.17771 0.206638 0.221037 0.249103 0.283261 0.306935 0.339753 0.379543 0.407688 0.43947 0.498624 0.556565 0.578242 0.545499 0.486671 0.455391 0.457491 0.469597 0.492293 0.511517 
0.263717 0.221032 0.175237 0.140439 0.117438 0.112695 0.127373 0.151765 0.171089 0.174872 0.168106 0.180496 0.202866 0.212081 0.215536 0.2082 0.181321 0.155038 0.136339 0.118257 0.110284 0.106186 0.0909639 0.0744043 0.0684661 0.0694337 0.0714644 0.0770201 0.0874301 0.0930104 0.0817572 0.0610887 0.0407135 0.0230255 0.0122135 0.00525835 0.000820528 5.92918e-05 0.00149942 0.011193 0.0292236 0.0474429 0.0648441 0.0890846 0.131116 0.176437 0.206356 0.223171 0.24867 0.286239 0.327027 0.373531 0.410222 0.432676 0.463086 0.510791 0.554586 0.57615 0.570651 0.547013 0.521923 0.500081 0.483484 0.485644 0.493499 
0.213303 0.174588 0.138514 0.114707 0.103739 0.113718 0.138388 0.156519 0.161535 0.158997 0.150193 0.157119 0.175428 0.186338 0.195809 0.196344 0.170033 0.138132 0.114373 0.0911508 0.0767014 0.0780514 0.0803714 0.0750645 0.0680404 0.0635206 0.0631302 0.0689481 0.0818414 0.0929753 0.0842543 0.0576678 0.0334615 0.0192998 0.0117076 0.00475324 0.000505874 0 0.000798762 0.00855514 0.023389 0.0347941 0.0490798 0.0797911 0.124572 0.158923 0.181149 0.202623 0.229439 0.274833 0.341175 0.404272 0.4389 0.450911 0.46082 0.481217 0.515553 0.556927 0.590195 0.589899 0.557115 0.51388 0.482987 0.478852 0.483193 
0.179682 0.153636 0.131609 0.114744 0.107182 0.122079 0.147212 0.156472 0.152063 0.146989 0.138938 0.14054 0.150509 0.158275 0.1681 0.170913 0.152306 0.128137 0.106695 0.0821876 0.0652182 0.0694956 0.0785591 0.0735472 0.0609651 0.0533658 0.0565333 0.065682 0.0772029 0.0852636 0.0752113 0.0487503 0.0266646 0.0162702 0.0111047 0.00523863 0.0012704 0.000375166 0.00189398 0.00873842 0.0190712 0.0266044 0.0409146 0.074816 0.115211 0.139768 0.156503 0.179114 0.208896 0.256737 0.326857 0.393634 0.431196 0.435041 0.424605 0.434024 0.480077 0.54509 0.602534 0.607844 0.565425 0.514034 0.486192 0.482096 0.479764 
0.177719 0.153025 0.133642 0.118881 0.111182 0.122689 0.139725 0.14531 0.143779 0.143871 0.138807 0.133036 0.134584 0.1431 0.154844 0.155824 0.141555 0.124374 0.108489 0.0862815 0.0676955 0.0706506 0.0781422 0.0667516 0.05043 0.0451145 0.0533333 0.064652 0.0719374 0.0741543 0.0624975 0.0400234 0.0244188 0.0179142 0.0130995 0.00699085 0.0036569 0.00330643 0.00618619 0.012376 0.018755 0.0252366 0.0399773 0.0689593 0.0986651 0.121401 0.146221 0.174688 0.204882 0.246566 0.3034 0.362584 0.399305 0.399584 0.389067 0.408929 0.465487 0.536663 0.600645 0.617677 0.586852 0.538557 0.512776 0.502685 0.489474 
0.193872 0.162081 0.135908 0.123696 0.118286 0.121214 0.127788 0.138069 0.149321 0.155806 0.150686 0.137228 0.132213 0.138514 0.14766 0.150779 0.143107 0.12472 0.105783 0.0872256 0.073202 0.075514 0.080619 0.0665984 0.0490485 0.0428777 0.0470745 0.0528288 0.0559836 0.0585191 0.0524459 0.0350559 0.0242541 0.0216757 0.0185663 0.0127527 0.0113056 0.0148808 0.0208074 0.0260114 0.0281648 0.0337134 0.0476852 0.0684175 0.0907502 0.116277 0.149442 0.186396 0.220228 0.257441 0.305981 0.356926 0.379941 0.376186 0.384889 0.421972 0.466079 0.515015 0.575359 0.615443 0.611288 0.578519 0.553804 0.529359 0.498107 
0.218315 0.186733 0.159781 0.148692 0.139015 0.129751 0.128874 0.143177 0.161817 0.168083 0.161711 0.149751 0.143376 0.142347 0.140917 0.144715 0.14442 0.123625 0.0974446 0.0807965 0.076857 0.0852638 0.0915001 0.0783964 0.0594403 0.0470496 0.0397112 0.0365372 0.0375799 0.0432048 0.0463356 0.0374524 0.0300418 0.028858 0.0275811 0.0238184 0.0261136 0.037919 0.0507813 0.0559244 0.0545536 0.0597498 0.0721948 0.0851755 0.105005 0.134339 0.165174 0.202138 0.245122 0.283994 0.324579 0.367463 0.385935 0.393149 0.428714 0.473277 0.493861 0.517046 0.566609 0.611412 0.621475 0.604011 0.574869 0.528081 0.482537 
0.259835 0.236983 0.212038 0.189955 0.168337 0.155811 0.158954 0.175484 0.18806 0.181721 0.165133 0.152268 0.14766 0.14801 0.144997 0.148747 0.147112 0.121796 0.0912506 0.0737252 0.0755624 0.0922086 0.104865 0.0954351 0.0753158 0.0572448 0.0403359 0.0295084 0.0261838 0.0311295 0.0417802 0.0473365 0.048819 0.0490372 0.0448787 0.0397394 0.045751 0.0660471 0.0862549 0.0955299 0.0994295 0.108232 0.114969 0.118554 0.136725 0.166816 0.190982 0.218008 0.254846 0.292414 0.33153 0.375744 0.41256 0.450362 0.51325 0.561379 0.570123 0.574901 0.594203 0.606923 0.606036 0.586526 0.542804 0.488062 0.454704 
0.309267 0.298509 0.277594 0.24408 0.217832 0.214166 0.228617 0.247371 0.248325 0.218644 0.175309 0.146844 0.139517 0.147843 0.155396 0.164277 0.16024 0.129888 0.0925835 0.0691179 0.0688494 0.0878274 0.103809 0.0974458 0.079312 0.0625267 0.0464392 0.0340009 0.0261968 0.0279824 0.041723 0.0598726 0.0733458 0.0776855 0.0706346 0.0629948 0.0706323 0.0956612 0.118828 0.13222 0.146362 0.161778 0.161909 0.155371 0.167997 0.194295 0.214744 0.231018 0.249644 0.282525 0.330691 0.388511 0.445499 0.501281 0.572351 0.62403 0.639675 0.640743 0.631991 0.6055 0.579725 0.544436 0.492964 0.4521 0.437875 
0.365523 0.357339 0.341322 0.311806 0.292564 0.293803 0.305818 0.3206 0.317203 0.273207 0.205947 0.157831 0.138934 0.144974 0.159168 0.17168 0.169859 0.150205 0.118122 0.0872915 0.0745321 0.0822099 0.0893935 0.0817891 0.0683745 0.0605702 0.0538798 0.0436714 0.0339706 0.0354688 0.0517884 0.0748616 0.0921756 0.0968609 0.0934792 0.0912299 0.0987712 0.119494 0.140769 0.161875 0.186562 0.205785 0.203182 0.187051 0.185472 0.201025 0.218773 0.231859 0.241514 0.266915 0.317594 0.387118 0.451695 0.500561 0.552485 0.597786 0.631813 0.654788 0.649694 0.612584 0.574331 0.53429 0.490242 0.467048 0.46203 
0.442184 0.421681 0.404427 0.382215 0.364063 0.350558 0.344144 0.353043 0.358277 0.331416 0.269692 0.206048 0.163886 0.153998 0.164225 0.176421 0.181992 0.184883 0.172948 0.136318 0.100881 0.0849234 0.0755135 0.0657956 0.0595743 0.0616137 0.0615698 0.052046 0.0444503 0.0506724 0.0705247 0.0891699 0.098252 0.0987843 0.101273 0.109483 0.122952 0.140391 0.16107 0.19336 0.229208 0.249094 0.243338 0.218236 0.194655 0.188569 0.199202 0.214128 0.223452 0.239961 0.283359 0.349533 0.411598 0.453996 0.49144 0.537015 0.593558 0.645889 0.658776 0.628424 0.591118 0.565837 0.542047 0.528965 0.523738 
0.496889 0.467291 0.453393 0.444524 0.424294 0.389108 0.361216 0.360859 0.374268 0.374758 0.336853 0.267286 0.207579 0.186188 0.189796 0.199903 0.213046 0.229307 0.228761 0.189139 0.138011 0.100748 0.0758123 0.0629615 0.0603408 0.0649707 0.0664989 0.0611809 0.0595704 0.0692944 0.0878633 0.097523 0.0969605 0.0955902 0.101533 0.116047 0.136107 0.154936 0.177753 0.216722 0.262863 0.29034 0.284142 0.247426 0.195488 0.163875 0.168101 0.188154 0.204909 0.224645 0.258891 0.301252 0.345907 0.389327 0.439708 0.505295 0.571934 0.62639 0.651088 0.641906 0.618217 0.614741 0.616224 0.610232 0.602459 
0.505831 0.481828 0.477818 0.479205 0.464812 0.432699 0.399268 0.386156 0.389692 0.387745 0.361046 0.304394 0.256232 0.237561 0.237802 0.251154 0.268358 0.275181 0.260631 0.218356 0.168999 0.126051 0.093757 0.079482 0.0773936 0.0788981 0.07877 0.0765955 0.07793 0.0840953 0.0933952 0.0945718 0.0917861 0.0959229 0.106756 0.124127 0.146545 0.169242 0.194613 0.228567 0.272643 0.310163 0.313174 0.269332 0.194909 0.146264 0.147318 0.174462 0.205935 0.237206 0.259877 0.275043 0.301637 0.345649 0.413296 0.49939 0.565834 0.608337 0.637434 0.650486 0.64431 0.658401 0.683224 0.686662 0.676933 
0.508797 0.492561 0.483811 0.471616 0.459972 0.449815 0.438304 0.427895 0.415326 0.388868 0.356798 0.319612 0.296388 0.285778 0.288085 0.309747 0.322051 0.302472 0.261449 0.218479 0.182436 0.149929 0.119654 0.10525 0.10289 0.100794 0.0968946 0.0909903 0.0883912 0.0901978 0.0926424 0.0915028 0.091351 0.0992741 0.11171 0.132235 0.160382 0.187209 0.209054 0.230476 0.263744 0.303436 0.316986 0.283732 0.214832 0.163714 0.161096 0.189692 0.229349 0.266314 0.278094 0.274845 0.290451 0.337818 0.417536 0.515362 0.58879 0.621794 0.630739 0.637844 0.646678 0.68225 0.725327 0.736002 0.726039 
0.525428 0.509625 0.478885 0.439827 0.423108 0.4282 0.445255 0.455015 0.441959 0.401753 0.364404 0.335831 0.319207 0.309985 0.317283 0.344153 0.34923 0.311425 0.255936 0.215419 0.189616 0.164887 0.134907 0.12085 0.123066 0.124157 0.115341 0.0989194 0.0885802 0.0903859 0.0977153 0.104598 0.107362 0.111035 0.119923 0.141416 0.176283 0.20898 0.234055 0.256757 0.281819 0.30777 0.314876 0.298494 0.257739 0.21493 0.204637 0.226662 0.262695 0.294938 0.300069 0.289662 0.30373 0.358754 0.44691 0.547143 0.62137 0.637398 0.612691 0.595135 0.617751 0.69475 0.769832 0.791958 0.786018 
0.561532 0.531476 0.472293 0.406758 0.379301 0.38901 0.420916 0.450318 0.455302 0.430238 0.40243 0.370543 0.338531 0.324248 0.334882 0.358578 0.361165 0.323685 0.27223 0.236258 0.20559 0.174366 0.143714 0.132053 0.140163 0.148102 0.135253 0.107571 0.0920672 0.0976354 0.114469 0.13051 0.134017 0.132936 0.141219 0.167118 0.210307 0.248899 0.286905 0.32665 0.345861 0.343701 0.329501 0.320656 0.304738 0.275863 0.262435 0.272971 0.293739 0.315 0.319529 0.313864 0.332518 0.391815 0.479155 0.564876 0.61626 0.612691 0.576912 0.551053 0.582177 0.689414 0.801126 0.84752 0.850339 
0.601812 0.557614 0.476859 0.394134 0.357544 0.361226 0.386947 0.419815 0.444716 0.45147 0.443858 0.410727 0.365139 0.340358 0.34234 0.354305 0.355106 0.328653 0.294263 0.267426 0.228109 0.187327 0.161787 0.155873 0.163659 0.17073 0.157594 0.127493 0.111193 0.118983 0.13576 0.152009 0.159878 0.165766 0.179064 0.210709 0.260995 0.299832 0.339032 0.38968 0.412473 0.39509 0.366018 0.35041 0.331469 0.305843 0.292071 0.288532 0.291994 0.307034 0.321128 0.32976 0.351824 0.405433 0.477783 0.531362 0.554676 0.556453 0.544917 0.531251 0.562495 0.668574 0.792603 0.862003 0.880786 
0.598554 0.555036 0.47737 0.402542 0.367112 0.358268 0.360933 0.379612 0.413847 0.44261 0.444085 0.40811 0.356736 0.31985 0.306355 0.308313 0.312416 0.303935 0.293037 0.279744 0.244287 0.208283 0.194534 0.194928 0.194567 0.187481 0.170034 0.146371 0.134037 0.141061 0.153679 0.172337 0.191053 0.207768 0.225071 0.2545 0.296774 0.321792 0.341188 0.387917 0.430172 0.43135 0.411533 0.389144 0.348561 0.303269 0.272586 0.255411 0.255495 0.27467 0.297783 0.323185 0.356482 0.404159 0.455033 0.482938 0.492063 0.507158 0.524261 0.530312 0.560085 0.642839 0.746393 0.818421 0.856259 
0.559487 0.525554 0.462734 0.405079 0.377968 0.366534 0.35006 0.350487 0.387129 0.424035 0.418357 0.367281 0.308714 0.268227 0.248723 0.246202 0.257417 0.27088 0.279833 0.273345 0.24899 0.228288 0.22453 0.227953 0.219979 0.196917 0.171675 0.157277 0.155816 0.167011 0.183568 0.212533 0.239511 0.254774 0.264241 0.27767 0.290663 0.294514 0.305435 0.353567 0.414474 0.436634 0.427234 0.400537 0.346329 0.286288 0.246767 0.230823 0.238001 0.26421 0.291317 0.32294 0.360839 0.402929 0.443795 0.471419 0.486371 0.508822 0.539618 0.564756 0.591018 0.628028 0.684843 0.738178 0.775714 
0.544627 0.513067 0.454009 0.396592 0.367979 0.35561 0.330332 0.323315 0.362052 0.401271 0.388744 0.33248 0.276179 0.239413 0.224357 0.223432 0.234475 0.252301 0.262017 0.254308 0.242161 0.235769 0.233273 0.235512 0.233345 0.214738 0.188466 0.175394 0.179887 0.197736 0.221257 0.256201 0.282999 0.292527 0.289402 0.278364 0.257779 0.245699 0.265012 0.320651 0.38204 0.403058 0.388097 0.355921 0.308167 0.262311 0.239087 0.237393 0.251437 0.282151 0.313489 0.342368 0.373187 0.404728 0.441515 0.482717 0.523641 0.556005 0.586082 0.625074 0.651657 0.644659 0.654907 0.683509 0.703043 
0.565797 0.524557 0.454456 0.386883 0.350048 0.332647 0.304097 0.298257 0.336014 0.371806 0.360229 0.314905 0.271278 0.24062 0.231523 0.233999 0.238956 0.245972 0.242707 0.230185 0.225889 0.230242 0.22615 0.223183 0.230241 0.228652 0.209463 0.194276 0.197499 0.221283 0.254497 0.293504 0.317139 0.321663 0.30834 0.275712 0.231267 0.209175 0.236649 0.303181 0.362905 0.374919 0.343914 0.302412 0.26737 0.24627 0.244939 0.253594 0.267883 0.300873 0.33771 0.364906 0.39069 0.412992 0.446505 0.499733 0.566876 0.604482 0.621186 0.664771 0.696737 0.663347 0.641876 0.657983 0.669379 
