terrain
65 65
0.317558 0.281662 0.229503 0.192211 0.191302 0.216233 0.237463 0.244544 0.250642 0.258338 0.266953 0.278068 0.308866 0.357191 0.381553 0.350335 0.306975 0.294803 0.29062 0.285001 0.261567 0.233577 0.210783 0.183465 0.161649 0.145679 0.11702 0.0782483 0.0593815 0.0491486 0.0342689 0.0239554 0.016861 0.0109573 0.0116832 0.0245395 0.0496585 0.0759372 0.0959895 0.108858 0.121605 0.118658 0.0982827 0.0844254 0.0851207 0.0994263 0.128499 0.150814 0.167202 0.204881 0.259696 0.30543 0.331186 0.330187 0.313076 0.312206 0.329239 0.331173 0.317626 0.302947 0.289253 0.30572 0.343704 0.375166 0.386897 
0.27926 0.260136 0.229185 0.203004 0.202694 0.22302 0.243646 0.263113 0.283975 0.293664 0.299214 0.314005 0.349071 0.389208 0.394847 0.353071 0.308478 0.288625 0.279477 0.281131 0.267416 0.240206 0.214283 0.190517 0.170006 0.14934 0.114929 0.0764796 0.0599941 0.0538837 0.0428418 0.0310733 0.0224075 0.0166073 0.017166 0.02982 0.056149 0.083216 0.103452 0.119491 0.134091 0.13237 0.11912 0.110196 0.108907 0.115227 0.13548 0.161783 0.186298 0.212757 0.250324 0.288075 0.309168 0.317423 0.322627 0.330219 0.339554 0.330002 0.301509 0.28233 0.274569 0.293311 0.333919 0.372061 0.392074 
0.227968 0.231428 0.228166 0.217745 0.219726 0.240473 0.266557 0.292148 0.316514 0.328384 0.338371 0.363362 0.398118 0.414805 0.399175 0.354637 0.309396 0.281537 0.269512 0.277981 0.280065 0.260234 0.231267 0.209481 0.191592 0.163731 0.119804 0.0792052 0.0618911 0.0579224 0.0522025 0.0405455 0.0292205 0.023079 0.0238777 0.0356123 0.0613147 0.0907933 0.116594 0.139036 0.155622 0.15541 0.149165 0.146682 0.143465 0.138621 0.143841 0.167389 0.193775 0.208683 0.234626 0.26718 0.282368 0.294986 0.320174 0.33986 0.343574 0.326137 0.287817 0.263756 0.262223 0.283238 0.321771 0.358796 0.380941 
0.190787 0.200973 0.211322 0.216523 0.226996 0.254999 0.292974 0.316755 0.329332 0.34092 0.359223 0.3926 0.426527 0.436217 0.423393 0.386045 0.329436 0.280102 0.256128 0.256372 0.267183 0.261677 0.235174 0.216707 0.205399 0.173949 0.126998 0.0868763 0.0643777 0.0568734 0.0536332 0.0443699 0.0337464 0.0299468 0.0335993 0.0437271 0.0645512 0.0946797 0.129764 0.159936 0.178993 0.184242 0.188002 0.193918 0.191839 0.181507 0.174435 0.187815 0.206616 0.216589 0.24042 0.269251 0.278017 0.290464 0.323406 0.348224 0.348519 0.330395 0.297072 0.277013 0.280736 0.29939 0.327505 0.348677 0.35456 
0.18654 0.186933 0.188611 0.196091 0.214295 0.248432 0.294953 0.317502 0.321015 0.334741 0.365709 0.405388 0.438482 0.455243 0.459264 0.432324 0.364859 0.291627 0.246858 0.224658 0.227091 0.232782 0.221075 0.214232 0.209073 0.174153 0.12744 0.0893541 0.0616465 0.0497025 0.045522 0.0389342 0.0320508 0.0323286 0.0387868 0.0474753 0.0661865 0.101452 0.145607 0.176765 0.193465 0.20402 0.217985 0.231964 0.239806 0.240941 0.234769 0.233178 0.23375 0.23761 0.260514 0.288584 0.300774 0.31702 0.346887 0.367067 0.369892 0.361109 0.345002 0.337975 0.34451 0.351288 0.35997 0.358491 0.346453 
0.197607 0.19635 0.1921 0.193928 0.20772 0.237296 0.279038 0.301393 0.309143 0.329937 0.373738 0.42524 0.457357 0.466575 0.468592 0.437258 0.368599 0.301043 0.251549 0.205787 0.185426 0.1907 0.198041 0.20905 0.213522 0.183631 0.135807 0.0933204 0.0618909 0.0456198 0.0381322 0.034757 0.0312206 0.0312464 0.03669 0.0461271 0.0661363 0.1071 0.157603 0.190515 0.202802 0.208608 0.221115 0.242432 0.269375 0.289195 0.290036 0.271369 0.249835 0.24876 0.274653 0.308363 0.336588 0.363423 0.382618 0.386421 0.39324 0.409621 0.425375 0.432889 0.428988 0.403859 0.379648 0.363183 0.355054 
0.194253 0.209503 0.217104 0.215319 0.214999 0.232618 0.267531 0.297431 0.316917 0.339376 0.386273 0.447548 0.478681 0.469538 0.447146 0.396916 0.331768 0.285598 0.247274 0.196315 0.161019 0.156331 0.169038 0.192263 0.212116 0.202516 0.158714 0.109589 0.0750048 0.0517073 0.0372245 0.0337594 0.0319139 0.0293812 0.0335957 0.0458706 0.0658838 0.106255 0.160381 0.20156 0.214263 0.210679 0.215867 0.244708 0.283384 0.307792 0.310185 0.288032 0.261825 0.257198 0.278691 0.317287 0.368375 0.416529 0.430325 0.413606 0.416061 0.454542 0.503323 0.526433 0.50763 0.445881 0.387835 0.364843 0.368042 
0.186904 0.215021 0.235749 0.23564 0.226598 0.234003 0.265321 0.300008 0.322601 0.343218 0.38965 0.446547 0.469656 0.446196 0.398741 0.340122 0.288747 0.258243 0.228535 0.190119 0.159611 0.149498 0.156385 0.176024 0.199537 0.204044 0.173337 0.131289 0.0975387 0.066709 0.0430364 0.0337448 0.0313692 0.0295532 0.0343935 0.049274 0.0712048 0.110134 0.164899 0.213275 0.231887 0.22586 0.22753 0.259958 0.295526 0.309711 0.310245 0.298502 0.281894 0.273059 0.283725 0.319012 0.37907 0.444911 0.466919 0.448307 0.447484 0.484066 0.53852 0.57512 0.564124 0.491642 0.414125 0.387661 0.395436 
0.190077 0.21559 0.235334 0.243429 0.245887 0.256063 0.283315 0.307438 0.318553 0.33777 0.381403 0.418278 0.425075 0.39762 0.344769 0.291823 0.257099 0.240186 0.220115 0.197543 0.180122 0.17254 0.175747 0.185194 0.196117 0.196078 0.176671 0.147325 0.115043 0.0804921 0.0517749 0.0370774 0.0351113 0.0374489 0.0426229 0.0561533 0.0813395 0.121669 0.171286 0.21417 0.236011 0.236677 0.239357 0.26798 0.29864 0.314585 0.322124 0.319549 0.312051 0.304868 0.309941 0.335868 0.380435 0.440521 0.482063 0.491809 0.492376 0.499016 0.527254 0.566681 0.574213 0.51478 0.443123 0.417017 0.421913 
0.194856 0.213952 0.231812 0.251289 0.271146 0.293827 0.314475 0.314439 0.309782 0.327173 0.360461 0.378016 0.374997 0.356979 0.317295 0.26666 0.230208 0.219379 0.216052 0.213106 0.211528 0.207958 0.205873 0.200337 0.195108 0.190501 0.177603 0.154266 0.124005 0.0918741 0.0641979 0.0479241 0.0481328 0.0537921 0.0566913 0.0653455 0.0901655 0.132105 0.172918 0.196199 0.213476 0.227933 0.237668 0.260126 0.288925 0.321418 0.348148 0.354211 0.352195 0.352835 0.361661 0.379213 0.396615 0.438779 0.499492 0.538283 0.541482 0.52471 0.52824 0.556328 0.562461 0.511377 0.457282 0.432702 0.430129 
0.213676 0.233231 0.25444 0.276973 0.296684 0.322629 0.33626 0.316092 0.300498 0.31441 0.336203 0.35253 0.360655 0.353842 0.317484 0.260398 0.212253 0.196161 0.201163 0.213198 0.226844 0.225998 0.210396 0.189047 0.17784 0.178672 0.174163 0.156787 0.130256 0.0993109 0.0736863 0.0586302 0.0593695 0.0636837 0.064775 0.0739934 0.101066 0.146941 0.182739 0.18807 0.1947 0.214929 0.232287 0.255339 0.28981 0.334953 0.374673 0.395427 0.403928 0.411307 0.423542 0.439869 0.445925 0.469435 0.518281 0.54917 0.551946 0.543431 0.548945 0.562245 0.556433 0.511199 0.472505 0.450152 0.441178 
0.266435 0.283091 0.295958 0.302089 0.309474 0.334085 0.348551 0.328189 0.313977 0.326924 0.344192 0.369137 0.390298 0.373439 0.316102 0.254531 0.207406 0.189066 0.191327 0.202121 0.216307 0.214007 0.191728 0.169542 0.163842 0.166278 0.156739 0.137345 0.11273 0.0852629 0.0677366 0.0604523 0.0619612 0.0616335 0.0613537 0.0760979 0.112916 0.165761 0.20163 0.203678 0.202694 0.212579 0.222285 0.243165 0.287013 0.336418 0.376899 0.421599 0.455147 0.464495 0.477285 0.509214 0.527916 0.531213 0.538166 0.533595 0.526367 0.537511 0.561989 0.567723 0.551339 0.517705 0.496837 0.47848 0.459532 
0.30756 0.319072 0.321152 0.314461 0.31978 0.345563 0.364683 0.358214 0.354042 0.371561 0.390707 0.416592 0.433845 0.39433 0.310835 0.247415 0.211053 0.194671 0.187742 0.188781 0.201 0.203633 0.182849 0.158086 0.151433 0.151885 0.136091 0.110364 0.0830623 0.0620544 0.0548519 0.0552805 0.0585414 0.0572354 0.0570078 0.0750633 0.117912 0.172466 0.21607 0.236251 0.238709 0.229625 0.219669 0.232431 0.278717 0.328791 0.365717 0.422161 0.479574 0.502924 0.530908 0.586046 0.623059 0.616112 0.581926 0.534921 0.507914 0.523661 0.552078 0.552601 0.534915 0.52504 0.530323 0.518567 0.488374 
0.310999 0.319649 0.321288 0.32023 0.334882 0.360753 0.379043 0.384838 0.393079 0.421368 0.450816 0.471546 0.471731 0.418904 0.326262 0.258583 0.222672 0.198508 0.180705 0.176494 0.190141 0.204405 0.191137 0.156728 0.136373 0.133658 0.125148 0.103064 0.0731649 0.0543151 0.0509085 0.0525911 0.0548626 0.0577198 0.0643825 0.0854381 0.123957 0.170429 0.221768 0.27004 0.291031 0.277919 0.258474 0.262476 0.292412 0.328631 0.365227 0.425357 0.494157 0.538592 0.588188 0.65373 0.695588 0.689881 0.632961 0.55189 0.506116 0.51503 0.532575 0.53478 0.53092 0.543357 0.560792 0.556002 0.529835 
0.309815 0.310776 0.304807 0.30866 0.333413 0.359955 0.375506 0.392041 0.417593 0.459112 0.503294 0.526706 0.513981 0.455583 0.366024 0.290768 0.239819 0.20022 0.177044 0.173575 0.185193 0.206457 0.206511 0.172286 0.138083 0.123613 0.120601 0.112239 0.0877493 0.0676009 0.0615753 0.0593772 0.056444 0.0613345 0.0780593 0.102828 0.132177 0.170001 0.223395 0.28941 0.334835 0.336331 0.323189 0.32186 0.321102 0.332913 0.378588 0.453983 0.528343 0.583304 0.643637 0.701597 0.72025 0.704415 0.647918 0.558376 0.503626 0.505572 0.517635 0.534019 0.55272 0.57056 0.582606 0.588614 0.577889 
0.297471 0.296475 0.28996 0.299088 0.331173 0.365622 0.386358 0.410438 0.44886 0.502598 0.559465 0.582044 0.551441 0.48261 0.399554 0.326431 0.268283 0.223052 0.198845 0.192724 0.192395 0.204792 0.210973 0.186487 0.151508 0.127045 0.12201 0.125828 0.115962 0.0979073 0.0841451 0.069084 0.0543015 0.0544782 0.0768846 0.108744 0.138346 0.175957 0.228059 0.2972 0.359343 0.376498 0.369643 0.360485 0.334035 0.334054 0.397249 0.496235 0.576194 0.62833 0.682597 0.726581 0.717795 0.676543 0.630891 0.569179 0.527213 0.523905 0.531872 0.560745 0.592506 0.594381 0.591449 0.602268 0.598706 
0.280723 0.285117 0.29009 0.308802 0.350264 0.40056 0.438732 0.467238 0.495898 0.540078 0.594782 0.616416 0.573398 0.491025 0.412926 0.35753 0.312662 0.272183 0.241938 0.222423 0.202795 0.194962 0.19253 0.175003 0.149825 0.128069 0.121573 0.127249 0.129502 0.118443 0.0973418 0.0677606 0.042621 0.0391005 0.0642539 0.106953 0.14949 0.196444 0.246552 0.307558 0.369554 0.392255 0.38852 0.375654 0.342605 0.340278 0.408178 0.516948 0.606726 0.657518 0.698107 0.732683 0.719106 0.662458 0.623434 0.604961 0.59951 0.601383 0.606574 0.633114 0.650165 0.620864 0.596505 0.600548 0.598199 
0.283933 0.297674 0.314495 0.335379 0.385977 0.459567 0.520293 0.547604 0.543831 0.552177 0.592356 0.618683 0.574413 0.48132 0.406909 0.374949 0.355984 0.322198 0.274324 0.232927 0.201189 0.184229 0.17265 0.156573 0.139899 0.124963 0.11644 0.117576 0.123078 0.116213 0.092614 0.0596248 0.0329262 0.0299445 0.0567666 0.107217 0.164819 0.229769 0.288299 0.340493 0.386961 0.395817 0.386574 0.380789 0.366643 0.37258 0.426669 0.511372 0.58956 0.637461 0.673148 0.715381 0.721851 0.675734 0.635229 0.636712 0.66473 0.681137 0.693784 0.718533 0.713959 0.659911 0.614501 0.609361 0.617268 
0.324837 0.3473 0.374628 0.394519 0.441771 0.522513 0.597197 0.624235 0.600587 0.584221 0.611753 0.628508 0.571404 0.470561 0.398801 0.379705 0.374451 0.347062 0.295907 0.245079 0.21341 0.197104 0.17382 0.145072 0.128598 0.122565 0.116925 0.114549 0.11486 0.105662 0.0824609 0.0545093 0.0320347 0.0294691 0.0532601 0.103085 0.167554 0.24628 0.323149 0.381749 0.420996 0.419505 0.407435 0.408669 0.411835 0.419273 0.44795 0.501726 0.552688 0.583271 0.613448 0.660954 0.69003 0.675501 0.641649 0.644064 0.682318 0.704008 0.720387 0.749323 0.750865 0.708423 0.667431 0.665971 0.692352 
0.410003 0.437142 0.469399 0.492082 0.528361 0.587591 0.648271 0.671849 0.657845 0.647955 0.659173 0.642839 0.564774 0.461418 0.391868 0.370195 0.35631 0.335889 0.310679 0.273112 0.242924 0.218777 0.182079 0.142458 0.127236 0.132143 0.13332 0.124363 0.114783 0.102612 0.0805388 0.0564581 0.0394473 0.037058 0.0551084 0.0974462 0.15471 0.227084 0.312388 0.386734 0.439616 0.456396 0.468072 0.483038 0.484451 0.463671 0.447806 0.473562 0.512316 0.533417 0.552808 0.581971 0.609017 0.624277 0.615529 0.623723 0.664708 0.69304 0.706362 0.733729 0.76379 0.770524 0.769024 0.785374 0.817482 
0.522431 0.540263 0.561032 0.581672 0.607083 0.640217 0.674798 0.687822 0.691616 0.703075 0.691501 0.635436 0.552137 0.46582 0.401915 0.365128 0.331984 0.313717 0.309496 0.285647 0.253679 0.219497 0.18275 0.152957 0.147628 0.15983 0.160869 0.13901 0.118124 0.102881 0.0795794 0.0570805 0.0467109 0.0472414 0.0628066 0.100302 0.147756 0.201325 0.273536 0.351305 0.418453 0.462966 0.507818 0.543019 0.535545 0.481816 0.424542 0.427234 0.470525 0.498819 0.503306 0.504829 0.523634 0.558218 0.57301 0.585774 0.630688 0.676454 0.697109 0.729588 0.788151 0.841088 0.877279 0.911273 0.938969 
0.589905 0.597873 0.610566 0.622895 0.630728 0.644401 0.666939 0.676527 0.683181 0.695985 0.673778 0.613937 0.55418 0.496204 0.431703 0.373783 0.330274 0.309619 0.298826 0.271013 0.239193 0.20873 0.185598 0.175157 0.182147 0.19695 0.190343 0.153777 0.122563 0.103026 0.0789433 0.059425 0.0550677 0.0602114 0.0748598 0.104911 0.139351 0.170789 0.217082 0.283001 0.356657 0.421567 0.477313 0.515189 0.503661 0.446736 0.389326 0.388874 0.430478 0.451453 0.435585 0.429563 0.461313 0.508834 0.534506 0.560956 0.623742 0.69456 0.739426 0.784224 0.845544 0.903105 0.94045 0.972403 1 
0.587671 0.598793 0.616285 0.624844 0.624473 0.633266 0.657336 0.667675 0.648627 0.627617 0.607687 0.578756 0.547406 0.502399 0.431375 0.362217 0.323848 0.305044 0.282227 0.251741 0.228544 0.210095 0.200455 0.204311 0.22195 0.240053 0.226946 0.180952 0.144331 0.12141 0.093972 0.070768 0.0663266 0.0748319 0.088109 0.105088 0.119509 0.128949 0.152571 0.202343 0.277051 0.356888 0.414071 0.438009 0.419764 0.38088 0.357368 0.371743 0.404296 0.404137 0.37089 0.371378 0.425652 0.482873 0.509617 0.553267 0.639827 0.739234 0.823992 0.878363 0.905401 0.925358 0.936919 0.956107 0.984361 
0.555742 0.578553 0.612306 0.635727 0.644422 0.653018 0.667852 0.655968 0.59768 0.543828 0.520041 0.507054 0.490201 0.457269 0.394919 0.329527 0.29674 0.281162 0.260322 0.241657 0.234757 0.23122 0.236574 0.253305 0.275083 0.284555 0.266194 0.224456 0.191467 0.165138 0.126163 0.0878992 0.0750182 0.0811229 0.0914314 0.0987042 0.0978959 0.094865 0.109999 0.152497 0.222737 0.304912 0.362269 0.369933 0.34352 0.326816 0.335774 0.364376 0.391378 0.380979 0.342766 0.345159 0.405884 0.4781 0.529377 0.600173 0.69795 0.797859 0.900737 0.959015 0.942426 0.902837 0.878907 0.88627 0.901517 
0.526937 0.554235 0.605415 0.653928 0.679851 0.68443 0.67294 0.627123 0.54511 0.471351 0.427312 0.405501 0.400333 0.396246 0.359904 0.307695 0.279891 0.267729 0.257179 0.250967 0.254984 0.264431 0.283171 0.30836 0.326766 0.320227 0.29718 0.262194 0.232906 0.201989 0.152943 0.101974 0.0788219 0.0800242 0.0877211 0.0901141 0.0832653 0.0785321 0.0930153 0.132226 0.193895 0.264721 0.314752 0.322645 0.308745 0.308054 0.32327 0.35028 0.372699 0.370157 0.35096 0.356315 0.407031 0.49044 0.582181 0.683086 0.772125 0.844122 0.93193 0.986405 0.9449 0.855493 0.800987 0.795609 0.791861 
0.50338 0.525033 0.572808 0.63379 0.675284 0.675511 0.636678 0.5686 0.482309 0.403079 0.351711 0.334052 0.339007 0.351415 0.338304 0.30591 0.288515 0.279193 0.275889 0.276797 0.284747 0.29748 0.313774 0.335349 0.345576 0.328873 0.303065 0.271007 0.243966 0.215246 0.165297 0.113608 0.0883713 0.0862664 0.0881898 0.0876802 0.0843753 0.083704 0.0956083 0.125189 0.173965 0.232422 0.279642 0.303438 0.308014 0.307343 0.316033 0.337108 0.350803 0.357341 0.368694 0.384536 0.42358 0.500506 0.608309 0.717348 0.786103 0.834616 0.91063 0.962691 0.913707 0.802987 0.732345 0.710973 0.689104 
0.464019 0.48262 0.519246 0.577985 0.62423 0.625821 0.581811 0.505896 0.423833 0.357134 0.319366 0.314438 0.320883 0.332742 0.333362 0.318804 0.309312 0.296021 0.290562 0.293018 0.304808 0.320812 0.331689 0.341155 0.33704 0.315678 0.293751 0.2714 0.248991 0.219115 0.164292 0.114163 0.0924872 0.0874675 0.0830801 0.087817 0.0995273 0.108058 0.114058 0.12859 0.16003 0.207099 0.261692 0.302348 0.308576 0.295241 0.303302 0.332612 0.342316 0.343772 0.36732 0.397213 0.437041 0.499777 0.592515 0.688707 0.744965 0.792779 0.872589 0.920322 0.870233 0.768783 0.69949 0.664636 0.629869 
0.403476 0.429774 0.468066 0.513333 0.546392 0.553 0.519933 0.447276 0.379182 0.33485 0.310798 0.304606 0.307982 0.324183 0.336754 0.3338 0.324721 0.302546 0.290266 0.292085 0.304605 0.323418 0.333943 0.329859 0.313837 0.297908 0.285007 0.271282 0.253146 0.219885 0.159766 0.106326 0.0831596 0.0764176 0.0724435 0.0848078 0.109132 0.129043 0.136491 0.14194 0.156574 0.186173 0.238026 0.288511 0.302021 0.287396 0.291577 0.323519 0.337265 0.333759 0.35067 0.384738 0.429699 0.486668 0.56335 0.643474 0.690073 0.733464 0.806606 0.852382 0.827439 0.768349 0.719991 0.685708 0.648176 
0.334052 0.374082 0.422805 0.455438 0.472138 0.481982 0.454741 0.384119 0.330175 0.310066 0.295753 0.279492 0.281626 0.307196 0.330269 0.336379 0.328043 0.306347 0.296593 0.299793 0.309414 0.32146 0.321737 0.303072 0.284776 0.278112 0.267143 0.249454 0.23322 0.210207 0.16214 0.109126 0.0818301 0.074441 0.0737317 0.0866103 0.106609 0.127847 0.143227 0.150499 0.158219 0.177724 0.22405 0.279925 0.311931 0.308161 0.301478 0.319409 0.339796 0.34751 0.354627 0.371571 0.408713 0.463355 0.52835 0.58755 0.621562 0.663344 0.734793 0.791773 0.807522 0.795304 0.779793 0.766005 0.742921 
0.289778 0.330727 0.379528 0.400911 0.405352 0.414765 0.398051 0.343238 0.299587 0.288218 0.276633 0.257879 0.261715 0.285714 0.311232 0.326681 0.322434 0.31117 0.316451 0.328987 0.33964 0.335883 0.310134 0.272106 0.24791 0.241299 0.226786 0.204883 0.191759 0.18258 0.158695 0.123102 0.10016 0.0919852 0.0899756 0.0948536 0.101639 0.11808 0.143161 0.161827 0.174581 0.195756 0.245043 0.307725 0.354606 0.360847 0.350282 0.361332 0.389314 0.404478 0.391745 0.378382 0.39545 0.432892 0.476325 0.515866 0.547781 0.601197 0.680488 0.746035 0.788442 0.806794 0.826487 0.846365 0.850621 
0.271337 0.298333 0.334816 0.345442 0.340628 0.350431 0.358526 0.342565 0.315678 0.298761 0.279641 0.264691 0.272531 0.283844 0.294346 0.308901 0.313518 0.315427 0.327032 0.340053 0.344782 0.32826 0.289185 0.241462 0.211897 0.205886 0.194454 0.17674 0.166366 0.160035 0.151205 0.137804 0.127839 0.121264 0.114465 0.110631 0.108758 0.122238 0.156042 0.18932 0.213282 0.240992 0.294195 0.361456 0.420823 0.440878 0.442368 0.463362 0.487466 0.477644 0.434782 0.409727 0.422138 0.43935 0.452476 0.467575 0.487676 0.53334 0.604495 0.670135 0.730615 0.775033 0.827232 0.877374 0.905402 
0.259199 0.27327 0.29701 0.304849 0.301839 0.315626 0.344012 0.36295 0.361256 0.342578 0.313618 0.301528 0.314237 0.314636 0.304015 0.310971 0.323126 0.325166 0.321057 0.320595 0.312226 0.287899 0.25109 0.211886 0.193017 0.196129 0.194289 0.18537 0.180363 0.171795 0.159307 0.147471 0.141933 0.137861 0.133813 0.132192 0.127269 0.135484 0.173099 0.223856 0.266859 0.305975 0.363078 0.435463 0.507928 0.539435 0.55088 0.582383 0.595018 0.54888 0.480457 0.462132 0.491919 0.502705 0.483997 0.466768 0.457463 0.467047 0.512691 0.577971 0.647724 0.702619 0.773404 0.847997 0.900857 
0.261613 0.27294 0.291493 0.301976 0.307649 0.324579 0.354362 0.38203 0.398133 0.388948 0.358356 0.346081 0.365559 0.370783 0.35018 0.342677 0.344027 0.33236 0.313932 0.30824 0.294203 0.259232 0.216332 0.186515 0.183331 0.193046 0.194113 0.189198 0.192701 0.190309 0.173124 0.15138 0.136061 0.127125 0.127459 0.1341 0.133382 0.141316 0.17998 0.244978 0.310448 0.364884 0.427205 0.505549 0.585755 0.620201 0.634413 0.666814 0.671303 0.60657 0.528808 0.520867 0.570143 0.584251 0.539691 0.485156 0.442386 0.418394 0.437915 0.496421 0.56216 0.617026 0.700035 0.79503 0.8618 
0.293305 0.311134 0.336234 0.35107 0.353514 0.35635 0.368385 0.386749 0.407827 0.417473 0.398215 0.381279 0.401173 0.420634 0.399185 0.362755 0.339851 0.326101 0.313285 0.31023 0.296064 0.254481 0.204026 0.17425 0.170342 0.17089 0.165515 0.160679 0.168919 0.179959 0.171495 0.143261 0.112942 0.0974291 0.0992718 0.112293 0.123534 0.141361 0.184031 0.254935 0.337289 0.409909 0.476413 0.549898 0.622466 0.651884 0.670222 0.693086 0.677914 0.609848 0.545433 0.551993 0.610884 0.633175 0.588143 0.515234 0.448839 0.401365 0.395176 0.434994 0.494019 0.562252 0.657278 0.749732 0.801637 
0.332867 0.361523 0.40432 0.424695 0.413426 0.398525 0.391429 0.393954 0.410328 0.430521 0.420271 0.403035 0.421585 0.440687 0.40483 0.339762 0.304622 0.298678 0.293213 0.286301 0.274148 0.241654 0.195707 0.160916 0.146477 0.140291 0.13488 0.132119 0.136507 0.143946 0.138203 0.113043 0.0835505 0.069908 0.0735461 0.0920767 0.117639 0.145986 0.189911 0.260496 0.348102 0.431938 0.504301 0.567205 0.612248 0.615749 0.620994 0.630992 0.611623 0.561234 0.523229 0.544742 0.608449 0.639905 0.611958 0.545322 0.461809 0.391171 0.364951 0.390164 0.446725 0.52953 0.625229 0.697063 0.725924 
0.386356 0.413313 0.464682 0.491272 0.470524 0.445438 0.429442 0.424015 0.434779 0.442475 0.424829 0.414379 0.433139 0.431667 0.372084 0.298316 0.262533 0.256013 0.247093 0.228331 0.215787 0.196608 0.161049 0.129639 0.116467 0.120078 0.128117 0.129224 0.124458 0.113583 0.0978909 0.0794493 0.0635288 0.0566593 0.0605539 0.0796244 0.112545 0.146728 0.186971 0.247947 0.324406 0.407212 0.490812 0.551101 0.561779 0.528659 0.503873 0.499541 0.497596 0.485191 0.481408 0.510948 0.567847 0.605529 0.59166 0.531916 0.443324 0.372661 0.352272 0.373256 0.411881 0.480374 0.567231 0.634261 0.660974 
0.43421 0.453835 0.500503 0.527213 0.500391 0.466897 0.453186 0.460601 0.472077 0.459695 0.43215 0.419839 0.423356 0.398977 0.331843 0.267372 0.235363 0.224215 0.207075 0.17731 0.161061 0.147612 0.120708 0.102198 0.102333 0.120284 0.143951 0.148285 0.132886 0.10501 0.0809023 0.0665959 0.0592453 0.0573191 0.0604259 0.0770189 0.111288 0.149345 0.184889 0.227108 0.280472 0.351383 0.436475 0.497587 0.491224 0.436749 0.389691 0.376893 0.391616 0.410091 0.426634 0.448586 0.485596 0.526045 0.528836 0.485054 0.415574 0.367992 0.365526 0.37985 0.387636 0.422298 0.490079 0.554545 0.587393 
0.44642 0.460832 0.49046 0.503159 0.477878 0.454225 0.454995 0.474028 0.482316 0.46522 0.437991 0.417452 0.402917 0.368861 0.31006 0.253885 0.220231 0.206285 0.184961 0.153467 0.136585 0.124868 0.103457 0.0939527 0.104117 0.128938 0.159077 0.163187 0.14121 0.11053 0.0897118 0.0788694 0.0713889 0.0687355 0.0740199 0.0939035 0.129146 0.166989 0.195883 0.216813 0.249737 0.307499 0.375576 0.424676 0.416286 0.364622 0.313717 0.293628 0.30983 0.336457 0.350863 0.366098 0.393798 0.43225 0.450934 0.442029 0.414259 0.393032 0.39686 0.397608 0.381133 0.38318 0.420233 0.47152 0.508024 
0.438478 0.444044 0.451671 0.448104 0.435602 0.435612 0.45164 0.468516 0.470896 0.455694 0.427077 0.409678 0.401798 0.367257 0.309098 0.248556 0.207223 0.192551 0.176726 0.154211 0.141948 0.132675 0.111843 0.100792 0.11039 0.132745 0.156895 0.155474 0.138868 0.124971 0.114724 0.102393 0.0898202 0.0841461 0.0947804 0.119935 0.147799 0.172529 0.189297 0.195493 0.221096 0.27863 0.336405 0.370902 0.362097 0.319956 0.272385 0.246212 0.253815 0.274407 0.28445 0.303747 0.332206 0.36008 0.380728 0.405731 0.424279 0.430365 0.434425 0.420664 0.384673 0.360131 0.372785 0.417003 0.462326 
0.397802 0.402089 0.405446 0.403964 0.407284 0.418749 0.437351 0.457042 0.468649 0.449051 0.407869 0.394183 0.402885 0.374145 0.315353 0.254934 0.214218 0.199349 0.189517 0.176193 0.171116 0.167362 0.145164 0.123271 0.121071 0.135287 0.149695 0.144327 0.139221 0.144367 0.139419 0.117347 0.0981915 0.0953755 0.114853 0.139648 0.152474 0.159992 0.163208 0.166682 0.19997 0.261701 0.310937 0.334591 0.324839 0.283136 0.238823 0.217727 0.220699 0.232649 0.244575 0.26698 0.289821 0.30458 0.323226 0.367908 0.417436 0.441867 0.440374 0.410018 0.358519 0.3245 0.337523 0.392088 0.448923 
0.362033 0.374601 0.386515 0.390513 0.392485 0.395946 0.407454 0.436733 0.464754 0.442215 0.390031 0.367987 0.375003 0.353009 0.305654 0.262921 0.237723 0.222294 0.212369 0.207629 0.208484 0.207657 0.185258 0.152237 0.134612 0.137307 0.140826 0.135337 0.14009 0.152666 0.147082 0.12095 0.102457 0.106457 0.127993 0.145629 0.150482 0.150667 0.142503 0.141223 0.176383 0.232426 0.267633 0.281907 0.271936 0.233974 0.202821 0.200345 0.209893 0.221052 0.241688 0.26293 0.271169 0.274013 0.286418 0.321985 0.363165 0.382764 0.378011 0.349163 0.306741 0.282417 0.309706 0.379514 0.441338 
0.383813 0.40132 0.410642 0.398587 0.376845 0.367359 0.380181 0.416537 0.448646 0.42846 0.374709 0.338361 0.32847 0.315257 0.287923 0.260932 0.247075 0.230908 0.21613 0.215093 0.218124 0.217717 0.19982 0.167422 0.146383 0.141425 0.132372 0.122463 0.12732 0.138392 0.137479 0.124593 0.120238 0.129732 0.140991 0.148892 0.152146 0.150515 0.13677 0.125183 0.140971 0.175951 0.199762 0.211632 0.215292 0.199771 0.185665 0.200409 0.224861 0.241506 0.262451 0.273099 0.267354 0.261594 0.259464 0.270071 0.285839 0.290649 0.28843 0.28 0.262058 0.249197 0.278359 0.345916 0.403763 
0.424882 0.435912 0.434101 0.409214 0.378543 0.368617 0.38744 0.421076 0.445962 0.427829 0.372026 0.314252 0.279684 0.269559 0.260467 0.242294 0.228375 0.212218 0.197303 0.200055 0.21028 0.213065 0.199982 0.174456 0.15812 0.151532 0.134442 0.115398 0.110957 0.116519 0.126028 0.135051 0.146746 0.156993 0.157558 0.160219 0.160006 0.152856 0.139644 0.124962 0.118106 0.125536 0.138556 0.153687 0.176661 0.187903 0.187651 0.212129 0.248917 0.262379 0.260073 0.250563 0.236078 0.222501 0.210035 0.213865 0.228762 0.235585 0.240117 0.244609 0.237031 0.226129 0.242944 0.287309 0.327248 
0.416687 0.423807 0.424982 0.415794 0.403905 0.407052 0.432066 0.456949 0.463575 0.436086 0.373297 0.299141 0.247634 0.231296 0.225887 0.209503 0.18812 0.173181 0.171237 0.189591 0.217194 0.229409 0.216447 0.187085 0.166782 0.159434 0.142965 0.120643 0.10822 0.104277 0.114266 0.133234 0.152415 0.164542 0.166275 0.170981 0.172328 0.167877 0.156956 0.138829 0.116698 0.1045 0.106256 0.118714 0.145645 0.173453 0.191877 0.223582 0.256759 0.254601 0.22246 0.194281 0.177717 0.165964 0.160503 0.175194 0.199724 0.214994 0.227698 0.235517 0.226497 0.211986 0.215944 0.241316 0.26677 
0.381525 0.390914 0.401344 0.413187 0.426416 0.44402 0.467596 0.481368 0.470391 0.435425 0.380886 0.30739 0.241328 0.208887 0.197847 0.179905 0.153715 0.142037 0.154068 0.186932 0.224977 0.246691 0.240259 0.208513 0.17441 0.154211 0.136434 0.116845 0.103027 0.0927628 0.0944029 0.107345 0.127344 0.147785 0.162718 0.178288 0.19042 0.196943 0.183592 0.153558 0.1249 0.108263 0.104972 0.111792 0.130029 0.158573 0.19114 0.226039 0.245145 0.226954 0.178698 0.144053 0.137141 0.140816 0.149455 0.17018 0.189579 0.201254 0.218974 0.229796 0.218006 0.199815 0.200777 0.227112 0.254689 
0.382248 0.394817 0.409619 0.42618 0.444749 0.454111 0.455639 0.453104 0.43887 0.419832 0.391417 0.327783 0.25002 0.20365 0.188998 0.16839 0.139899 0.130593 0.148534 0.184097 0.220095 0.245059 0.250973 0.225467 0.176729 0.134012 0.107924 0.0923596 0.0873565 0.0845846 0.0816886 0.0819704 0.0927779 0.115236 0.140573 0.166465 0.18681 0.201323 0.192848 0.164765 0.1409 0.128993 0.126666 0.129324 0.136746 0.156748 0.188231 0.215295 0.222082 0.195216 0.143603 0.111447 0.116098 0.139216 0.164193 0.182693 0.187766 0.193984 0.213694 0.226433 0.214394 0.192616 0.191819 0.218398 0.249655 
0.451649 0.457881 0.456586 0.452418 0.444774 0.421331 0.400586 0.392301 0.38611 0.391362 0.389451 0.347363 0.277624 0.223549 0.199114 0.17302 0.145249 0.135657 0.148439 0.173846 0.20409 0.23098 0.24813 0.22919 0.171544 0.113916 0.0819045 0.071001 0.0756574 0.0821088 0.0782909 0.069253 0.0684234 0.0837991 0.107689 0.134449 0.159647 0.182951 0.191656 0.180981 0.162611 0.15112 0.149522 0.152457 0.15777 0.168328 0.183914 0.194749 0.196669 0.171594 0.1236 0.0948975 0.104748 0.138845 0.171932 0.182378 0.177466 0.180796 0.194898 0.208195 0.205487 0.186326 0.17902 0.195325 0.2233 
0.564141 0.545682 0.504742 0.45766 0.412591 0.361923 0.331306 0.328206 0.33619 0.357294 0.375053 0.371572 0.331847 0.275405 0.23635 0.206368 0.178742 0.160965 0.158337 0.166785 0.187909 0.214615 0.237641 0.225359 0.169818 0.111647 0.0792885 0.0710233 0.0777081 0.0842453 0.079073 0.0642059 0.0523436 0.0559489 0.0732868 0.101037 0.134765 0.167942 0.190564 0.195791 0.177276 0.153162 0.148326 0.161623 0.174167 0.172548 0.166256 0.165689 0.170027 0.154129 0.116169 0.0935234 0.104395 0.134286 0.15724 0.156042 0.145835 0.145684 0.153112 0.170745 0.186169 0.182212 0.174976 0.180441 0.196032 
0.651128 0.610912 0.533848 0.445078 0.373845 0.313358 0.279771 0.283666 0.301822 0.325222 0.35055 0.377914 0.37452 0.329772 0.284603 0.25918 0.232326 0.199678 0.178854 0.170006 0.174029 0.189544 0.203447 0.193052 0.15522 0.117689 0.0961755 0.0878291 0.0887137 0.0914504 0.0848628 0.06439 0.0438035 0.0390621 0.0503757 0.0766087 0.113237 0.151352 0.179786 0.188128 0.165675 0.132584 0.128077 0.154024 0.172955 0.157323 0.133235 0.126085 0.13206 0.128326 0.107172 0.0929296 0.0990035 0.112661 0.120934 0.118789 0.113184 0.111481 0.116842 0.139232 0.168163 0.181145 0.18023 0.178893 0.180268 
0.674884 0.637831 0.551913 0.441672 0.355343 0.297189 0.270363 0.283885 0.306536 0.320556 0.336535 0.363724 0.374811 0.351626 0.31889 0.297805 0.266881 0.225843 0.198323 0.177849 0.161811 0.157669 0.150712 0.134405 0.117246 0.111191 0.113872 0.111449 0.105013 0.0997066 0.0884566 0.0659406 0.0429333 0.0342076 0.0392376 0.0568588 0.0872527 0.126458 0.157491 0.160055 0.13336 0.105522 0.106773 0.13547 0.151109 0.129143 0.102311 0.0930988 0.0958533 0.0997397 0.0942591 0.083857 0.0782608 0.0754534 0.0777085 0.0866495 0.0960373 0.0962889 0.0978209 0.115714 0.143422 0.164471 0.171934 0.173095 0.173767 
0.67186 0.653534 0.579908 0.464496 0.363172 0.304634 0.287334 0.308042 0.333669 0.343763 0.349565 0.360515 0.36284 0.353598 0.341369 0.319633 0.278331 0.233126 0.206824 0.186485 0.159505 0.137344 0.115246 0.0975331 0.0921932 0.0993409 0.111672 0.116816 0.112251 0.101895 0.0845684 0.0598973 0.0373226 0.0294641 0.0331473 0.0445388 0.0678666 0.105649 0.139343 0.137071 0.107118 0.0863618 0.0875046 0.105689 0.114124 0.099711 0.0860907 0.0836497 0.0844677 0.0871432 0.0845097 0.0706036 0.0555368 0.0468404 0.0501072 0.0685354 0.0907618 0.0952397 0.0915111 0.0992865 0.117981 0.140408 0.158091 0.168743 0.1749 
0.687765 0.680643 0.622353 0.515275 0.408325 0.343557 0.320236 0.327702 0.345416 0.356259 0.360805 0.366829 0.368452 0.366472 0.362044 0.3362 0.28972 0.244733 0.222741 0.211416 0.180373 0.137752 0.102831 0.0861344 0.0836024 0.085181 0.0857248 0.08815 0.0892868 0.0836765 0.069326 0.0467109 0.0276358 0.0231455 0.0273979 0.0362597 0.0546809 0.086587 0.120169 0.121266 0.095513 0.077719 0.0708733 0.0756913 0.0805347 0.0783955 0.0837407 0.0962116 0.0981063 0.0902146 0.0768788 0.0587565 0.0426179 0.0340238 0.0382251 0.0581347 0.0841001 0.096085 0.0962345 0.101598 0.11619 0.139518 0.164521 0.176728 0.177383 
0.704419 0.692593 0.639143 0.548968 0.455265 0.387518 0.345897 0.32458 0.323733 0.338548 0.353163 0.363854 0.374983 0.384352 0.383316 0.360853 0.319843 0.277266 0.255082 0.248457 0.216748 0.157614 0.108286 0.0848486 0.0762739 0.068498 0.0594401 0.0592816 0.061948 0.0589778 0.0505828 0.0360309 0.0228934 0.0200701 0.0232146 0.0306365 0.04697 0.0718129 0.0983802 0.106217 0.0927872 0.0763391 0.0605023 0.0588144 0.0697877 0.0812369 0.0986697 0.122778 0.12808 0.108243 0.0816777 0.0592783 0.0427951 0.0333903 0.0360793 0.0505919 0.0712989 0.088502 0.100836 0.113972 0.12802 0.149524 0.17418 0.179737 0.17285 
0.669773 0.652325 0.598229 0.519812 0.444714 0.381987 0.332457 0.300908 0.295389 0.313042 0.330938 0.342411 0.360508 0.38068 0.392465 0.387915 0.354675 0.311763 0.285057 0.27235 0.242366 0.182344 0.122579 0.0904721 0.0760575 0.0608481 0.0486748 0.0513954 0.0550238 0.048573 0.0385306 0.0280791 0.0202344 0.0188823 0.0216174 0.0280765 0.0424016 0.0600929 0.0749663 0.0860547 0.0876837 0.0752542 0.0585697 0.0619696 0.0866736 0.10831 0.122073 0.140824 0.145505 0.123072 0.0939641 0.0681594 0.0491429 0.040304 0.042919 0.0511997 0.0639022 0.0775957 0.092308 0.108404 0.12383 0.147108 0.165985 0.161781 0.151313 
0.604922 0.575035 0.51941 0.45584 0.402295 0.355187 0.312814 0.289016 0.292073 0.30782 0.3186 0.32957 0.349608 0.366898 0.384767 0.393827 0.363312 0.314826 0.28392 0.267622 0.241077 0.189059 0.13177 0.100946 0.0836757 0.0607377 0.0457035 0.0487975 0.0507086 0.0412936 0.0290674 0.0196364 0.015572 0.0172701 0.0222139 0.0300082 0.0425405 0.0548945 0.0605606 0.0679279 0.0766328 0.0707949 0.0616886 0.0752181 0.107537 0.125575 0.124836 0.126708 0.124905 0.108089 0.0856585 0.0637095 0.0496927 0.0488738 0.0552816 0.0578763 0.0625493 0.0702132 0.0795135 0.091347 0.110954 0.143682 0.16135 0.149928 0.134541 
0.558138 0.513811 0.460429 0.411458 0.3727 0.337532 0.30186 0.285114 0.294704 0.313001 0.325581 0.33512 0.349084 0.357554 0.368572 0.371658 0.335921 0.279398 0.242705 0.224203 0.200201 0.160373 0.118569 0.0966907 0.0807231 0.0571207 0.0410677 0.0385466 0.0367949 0.030553 0.0205036 0.0119874 0.00981208 0.0142093 0.0229786 0.0366949 0.0547746 0.0666173 0.0657775 0.0676916 0.0743339 0.0686627 0.065072 0.085164 0.111924 0.111784 0.0932468 0.0803362 0.0759901 0.0706035 0.061101 0.0517064 0.0492053 0.0565262 0.06492 0.0678182 0.0700656 0.0707186 0.0717483 0.0803968 0.104186 0.140468 0.158986 0.151727 0.137461 
0.526236 0.479668 0.435611 0.39757 0.362465 0.32193 0.281159 0.269285 0.284579 0.311299 0.340228 0.354391 0.360718 0.358646 0.35212 0.345062 0.31269 0.254679 0.208627 0.17639 0.145858 0.113555 0.087002 0.0752394 0.0652595 0.0480663 0.0330303 0.023737 0.018643 0.0155997 0.00928328 0.00411629 0.00429928 0.0103429 0.0219305 0.0430159 0.0724222 0.0849059 0.0777191 0.0773615 0.0805058 0.0719586 0.0698418 0.0908893 0.108644 0.0930795 0.0630323 0.0446409 0.0415771 0.0441295 0.0448685 0.0462632 0.0530524 0.0618431 0.067407 0.0762368 0.0834135 0.0783737 0.0723264 0.0804057 0.105248 0.13438 0.150216 0.154505 0.15072 
0.483907 0.452909 0.42232 0.394024 0.360436 0.312831 0.271238 0.269038 0.293673 0.324287 0.364988 0.386706 0.384015 0.36656 0.343855 0.332057 0.307981 0.256847 0.20555 0.158409 0.115616 0.0799414 0.0616032 0.0602281 0.056528 0.041049 0.0249606 0.0136442 0.00794178 0.00477199 0.00136811 0.000271513 0.00161524 0.00831024 0.0201199 0.0427172 0.0758731 0.0887765 0.0800876 0.0774099 0.0766006 0.072013 0.0768861 0.0983177 0.109294 0.0886724 0.056367 0.0365426 0.0318596 0.0355592 0.0409074 0.0485324 0.0590982 0.063502 0.0628838 0.0734269 0.0890543 0.0890054 0.0798639 0.0839372 0.107168 0.133973 0.150135 0.159637 0.162609 
0.425456 0.414029 0.395677 0.372996 0.345171 0.308771 0.283441 0.289958 0.3179 0.351136 0.395955 0.41368 0.392302 0.35954 0.335401 0.325814 0.3039 0.261112 0.211516 0.158295 0.107144 0.0663411 0.0502218 0.0535974 0.0532672 0.0362436 0.0190189 0.00917114 0.00451137 0.00169864 8.07531e-05 0 0.0016762 0.0101836 0.0214836 0.0394049 0.0652308 0.0779942 0.0735718 0.069919 0.0715924 0.0790142 0.0929577 0.110579 0.114484 0.0942053 0.0659155 0.0448822 0.0324291 0.02966 0.0343048 0.0467481 0.0610968 0.0639174 0.0600755 0.0685912 0.0891876 0.0991801 0.0912444 0.0921267 0.116495 0.148562 0.16669 0.176055 0.182808 
0.364274 0.356543 0.345017 0.326606 0.305123 0.293926 0.307354 0.331036 0.356219 0.393275 0.436049 0.43264 0.384134 0.340381 0.324279 0.323957 0.305303 0.265556 0.213472 0.156687 0.105038 0.0661431 0.0500529 0.0518984 0.0519392 0.033931 0.0151285 0.00644361 0.00341719 0.00201304 0.000574601 0.000249549 0.00277182 0.0127565 0.0247644 0.0385463 0.0567797 0.0707704 0.0726339 0.0710792 0.0807735 0.101872 0.122432 0.132175 0.129014 0.113132 0.0894733 0.0614472 0.0358287 0.0256058 0.0291432 0.0446055 0.0628668 0.0687565 0.0656466 0.0709817 0.0876833 0.100567 0.10081 0.109379 0.137269 0.167368 0.185056 0.203339 0.224934 
0.327396 0.312191 0.300654 0.287357 0.271226 0.278224 0.325435 0.376138 0.408909 0.446101 0.475562 0.452992 0.39161 0.344195 0.331334 0.335905 0.31981 0.276618 0.218968 0.156594 0.105555 0.0729032 0.0574047 0.0547299 0.0529759 0.0355567 0.016034 0.00726808 0.00476519 0.00423362 0.00263974 0.00160071 0.00425236 0.0152932 0.031633 0.0473728 0.0649445 0.0811351 0.0860324 0.0865337 0.100531 0.12846 0.151657 0.155983 0.149915 0.139112 0.116077 0.0799223 0.0464471 0.0328644 0.0364038 0.0532626 0.0723102 0.0784959 0.0756455 0.0793005 0.0929573 0.107464 0.118941 0.139015 0.169115 0.192079 0.210144 0.237714 0.269578 
0.320611 0.30658 0.29195 0.277136 0.261529 0.2711 0.323562 0.390653 0.443091 0.480042 0.495516 0.470688 0.409579 0.354179 0.332828 0.331317 0.316118 0.275325 0.223651 0.164866 0.112332 0.07657 0.0580391 0.0523463 0.0497551 0.0359526 0.0208286 0.0134908 0.0104193 0.00906153 0.00637125 0.00460306 0.00802581 0.0225648 0.0467627 0.0700085 0.092155 0.10807 0.112358 0.114488 0.12683 0.151376 0.17102 0.169398 0.155975 0.1419 0.119584 0.089007 0.0646126 0.0540138 0.0563537 0.0725142 0.0912026 0.0959477 0.096467 0.10559 0.125022 0.148068 0.168748 0.190339 0.215773 0.235357 0.253778 0.274315 0.293163 
0.35173 0.345122 0.325122 0.298183 0.275652 0.278275 0.318995 0.385694 0.454396 0.498791 0.515103 0.494409 0.425224 0.350216 0.310463 0.298378 0.288416 0.259858 0.219055 0.167427 0.114228 0.0707901 0.0488297 0.0447932 0.0438865 0.034076 0.0247554 0.0210353 0.0181296 0.0154534 0.0118956 0.0102046 0.0165937 0.0388075 0.0709242 0.0984362 0.122482 0.13744 0.140715 0.143175 0.15388 0.168885 0.176396 0.167555 0.145355 0.121942 0.103506 0.0894498 0.0854 0.0862146 0.0898178 0.106215 0.126833 0.136062 0.146883 0.166937 0.193629 0.221473 0.240452 0.250132 0.259299 0.271073 0.283374 0.288743 0.290575 
0.391655 0.387858 0.364664 0.332047 0.307095 0.301076 0.325168 0.381907 0.458318 0.522868 0.551619 0.529222 0.448572 0.355668 0.296116 0.27108 0.26154 0.24415 0.215143 0.163614 0.102104 0.0547437 0.0357868 0.0350773 0.0357405 0.0296172 0.0237154 0.0216937 0.02039 0.0198686 0.0186482 0.0185804 0.0289677 0.0578154 0.0941579 0.118933 0.135878 0.148956 0.154285 0.161824 0.176084 0.180028 0.170841 0.156028 0.133504 0.10697 0.0931183 0.0916195 0.103224 0.116527 0.125509 0.148299 0.179605 0.204594 0.228714 0.253179 0.275015 0.287852 0.29101 0.286586 0.278898 0.278971 0.285132 0.288439 0.290345 
0.404389 0.400312 0.374485 0.344019 0.321515 0.308313 0.319306 0.368862 0.451761 0.537614 0.579577 0.558101 0.472777 0.364744 0.287337 0.254493 0.247348 0.237323 0.21621 0.158984 0.0857084 0.0387326 0.0248505 0.0257702 0.0258944 0.0220155 0.0180991 0.0170612 0.0193794 0.0238543 0.0258142 0.0274676 0.0404102 0.0703157 0.106309 0.124635 0.130873 0.141167 0.149472 0.166993 0.192297 0.190512 0.166468 0.146233 0.12605 0.0999075 0.0875075 0.0908576 0.110602 0.132566 0.148585 0.185422 0.237784 0.280291 0.305749 0.319755 0.329095 0.320583 0.307849 0.297908 0.284481 0.275872 0.279806 0.295433 0.309798 
