terrain
65 65
0.333466 0.361167 0.392115 0.438344 0.481909 0.55049 0.654875 0.719171 0.72695 0.730703 0.749177 0.775208 0.803191 0.818987 0.812889 0.760085 0.671379 0.587324 0.551829 0.587296 0.626851 0.581412 0.481487 0.401072 0.360403 0.349518 0.315414 0.243352 0.175516 0.137474 0.111064 0.086253 0.0735383 0.0755828 0.0786567 0.084064 0.104333 0.142553 0.161616 0.145546 0.124317 0.100371 0.0720197 0.0526352 0.0434362 0.0389374 0.0317512 0.0237247 0.0232613 0.0338263 0.0557856 0.08776 0.127525 0.163639 0.184975 0.17825 0.152929 0.135417 0.15261 0.197866 0.254664 0.312127 0.342439 0.338654 0.333785 
0.331851 0.37867 0.440451 0.513245 0.574666 0.654883 0.748741 0.769038 0.722159 0.693211 0.696528 0.720783 0.762239 0.78776 0.769725 0.713621 0.646648 0.584115 0.55146 0.577608 0.598027 0.540779 0.452644 0.384181 0.341731 0.330486 0.310244 0.25195 0.182197 0.136923 0.109393 0.0879199 0.0778127 0.078633 0.0803404 0.0867367 0.113976 0.162652 0.187747 0.172491 0.147677 0.121651 0.0935919 0.0791817 0.0743005 0.0680391 0.0539499 0.0400712 0.0368282 0.0457633 0.064406 0.0876912 0.117503 0.151813 0.17373 0.17022 0.152743 0.140659 0.153061 0.182427 0.224106 0.281803 0.32844 0.339825 0.339173 
0.361653 0.423604 0.513886 0.62144 0.720244 0.814956 0.873946 0.836583 0.739137 0.680993 0.669894 0.682945 0.714466 0.745022 0.738549 0.693262 0.639934 0.585738 0.542628 0.54646 0.54742 0.487978 0.4133 0.354228 0.30803 0.290761 0.278676 0.238302 0.174123 0.124223 0.097762 0.0821601 0.0764899 0.0815243 0.0892342 0.103653 0.143236 0.202166 0.23232 0.216746 0.185657 0.153413 0.12184 0.112152 0.11315 0.106046 0.0889816 0.0722962 0.064692 0.0687769 0.0808662 0.0931951 0.109516 0.131576 0.148397 0.151839 0.144459 0.138342 0.144316 0.157494 0.183428 0.234443 0.293685 0.323928 0.335174 
0.423155 0.484182 0.584014 0.710925 0.842076 0.943923 0.959883 0.882443 0.777787 0.718798 0.699979 0.692904 0.689325 0.702027 0.721322 0.718284 0.680252 0.604445 0.524449 0.49173 0.47944 0.438498 0.385594 0.331175 0.276608 0.249301 0.237784 0.216112 0.16893 0.118345 0.0868954 0.0717106 0.0713645 0.0882892 0.11197 0.138829 0.184987 0.238916 0.263915 0.247531 0.214979 0.18063 0.14485 0.13268 0.136208 0.132713 0.118457 0.106028 0.100079 0.0999072 0.103005 0.107717 0.112981 0.115983 0.117928 0.123234 0.126506 0.130701 0.138821 0.146436 0.161283 0.196992 0.250751 0.299071 0.338133 
0.490159 0.53752 0.620793 0.736764 0.871282 0.965417 0.965254 0.898099 0.833402 0.797171 0.766602 0.729407 0.697245 0.68967 0.712755 0.742203 0.726118 0.635894 0.532747 0.465 0.424918 0.393713 0.368479 0.329122 0.274 0.241057 0.226037 0.211897 0.177467 0.123892 0.0826873 0.0667217 0.074035 0.104397 0.13865 0.167489 0.206945 0.246166 0.260401 0.244268 0.223037 0.198782 0.161636 0.140501 0.142202 0.142864 0.126696 0.11394 0.112904 0.119769 0.126639 0.128619 0.12101 0.104052 0.0896997 0.0926438 0.108773 0.130011 0.1452 0.151802 0.161056 0.184356 0.224134 0.279165 0.33781 
0.561855 0.594837 0.637893 0.709825 0.81203 0.887454 0.91046 0.898459 0.875243 0.846336 0.801802 0.745736 0.70909 0.705991 0.725234 0.749213 0.744312 0.676493 0.583447 0.487035 0.415354 0.388193 0.382527 0.353781 0.302787 0.265891 0.237958 0.212286 0.181389 0.135602 0.0942448 0.0779221 0.0895107 0.124675 0.15872 0.180696 0.205928 0.235233 0.246302 0.227617 0.2134 0.199777 0.165579 0.140169 0.140614 0.144628 0.125477 0.105823 0.103788 0.120496 0.139102 0.141181 0.12597 0.0990167 0.0775009 0.0791296 0.102825 0.134866 0.154686 0.159288 0.164358 0.18301 0.216518 0.267112 0.319634 
0.648886 0.677043 0.689168 0.70618 0.750528 0.799613 0.846291 0.867681 0.843298 0.805162 0.770575 0.725926 0.693291 0.694501 0.718253 0.737051 0.743021 0.708246 0.628681 0.512636 0.429603 0.416358 0.422152 0.388462 0.330908 0.282815 0.242439 0.209675 0.187631 0.16511 0.135807 0.115505 0.11801 0.144915 0.176337 0.188711 0.193556 0.212976 0.229846 0.216973 0.205752 0.19637 0.163362 0.135764 0.134469 0.140451 0.12346 0.105253 0.106708 0.127236 0.142512 0.135805 0.118012 0.0946209 0.0780839 0.0828056 0.104363 0.130595 0.152488 0.161743 0.161942 0.172143 0.200678 0.242275 0.280809 
0.764067 0.78947 0.803892 0.797945 0.786387 0.77784 0.781062 0.778548 0.743509 0.710082 0.691787 0.657815 0.629602 0.632039 0.662352 0.697545 0.720058 0.700152 0.622524 0.51316 0.444305 0.445087 0.458961 0.415815 0.339115 0.277348 0.236494 0.212486 0.208983 0.213572 0.200249 0.17077 0.151101 0.164647 0.193216 0.19687 0.187187 0.197816 0.220768 0.224272 0.218266 0.206329 0.16805 0.130047 0.120433 0.127024 0.119426 0.113752 0.125797 0.142994 0.138541 0.116522 0.0975059 0.0846006 0.0793857 0.0876021 0.103767 0.11987 0.140631 0.152948 0.146224 0.145774 0.169011 0.207212 0.244678 
0.873804 0.900386 0.938629 0.943057 0.889072 0.799537 0.71553 0.669819 0.645356 0.632827 0.622266 0.590907 0.570104 0.578045 0.603566 0.639602 0.65959 0.642777 0.583116 0.5114 0.467849 0.470932 0.482318 0.43387 0.347677 0.281658 0.2411 0.22164 0.232255 0.256526 0.251536 0.215483 0.181127 0.180328 0.199093 0.200206 0.193331 0.205611 0.231155 0.244958 0.237576 0.218113 0.17856 0.132877 0.111017 0.111063 0.113964 0.124069 0.144072 0.153914 0.129485 0.093373 0.0709051 0.0661734 0.0731899 0.0858154 0.100597 0.113997 0.134183 0.14744 0.137083 0.130288 0.147645 0.18084 0.219319 
0.929903 0.957434 1 0.997104 0.915191 0.787795 0.663474 0.596986 0.578735 0.578673 0.577627 0.566227 0.569684 0.582074 0.581325 0.582754 0.583005 0.577028 0.546459 0.500803 0.469088 0.46986 0.483983 0.456496 0.392214 0.334579 0.289031 0.25784 0.262307 0.286681 0.283364 0.252244 0.220272 0.207445 0.210782 0.214202 0.224528 0.247231 0.270046 0.27465 0.249812 0.218234 0.181273 0.13981 0.109732 0.0977305 0.105827 0.12705 0.147351 0.152796 0.124305 0.0838151 0.0583038 0.0548534 0.0647636 0.0795496 0.0965736 0.111851 0.130523 0.144141 0.136347 0.128698 0.141744 0.169423 0.204143 
0.918185 0.937266 0.957809 0.928116 0.849664 0.755028 0.654577 0.58282 0.54785 0.542938 0.546152 0.559488 0.601451 0.620881 0.585073 0.545971 0.532497 0.542461 0.532555 0.489343 0.450569 0.443268 0.46834 0.481523 0.45493 0.414653 0.379396 0.347127 0.336936 0.34163 0.330565 0.300299 0.268307 0.249487 0.243389 0.246379 0.266773 0.292373 0.305099 0.298952 0.266174 0.226042 0.184093 0.14393 0.113392 0.0990544 0.110608 0.13242 0.146115 0.144838 0.115995 0.0784872 0.0566923 0.0560583 0.0640583 0.075805 0.0932894 0.110486 0.126954 0.139231 0.134509 0.123907 0.129666 0.155387 0.187793 
0.865119 0.86617 0.846732 0.788598 0.732726 0.696447 0.650443 0.594325 0.550971 0.546587 0.550702 0.565005 0.615302 0.631038 0.575253 0.513967 0.49349 0.519049 0.535844 0.510051 0.474274 0.460821 0.493422 0.53861 0.535304 0.499399 0.474432 0.460232 0.444664 0.424973 0.39632 0.355013 0.319706 0.305745 0.300296 0.295721 0.303638 0.31381 0.310455 0.305074 0.289278 0.2506 0.198184 0.153598 0.127287 0.120615 0.136751 0.153285 0.155294 0.137775 0.100586 0.0679918 0.0562817 0.0640421 0.0728521 0.0783597 0.0890526 0.104483 0.119646 0.1282 0.124729 0.112106 0.108806 0.129698 0.158777 
0.823633 0.801707 0.741561 0.666167 0.620671 0.603927 0.588193 0.563615 0.543889 0.556521 0.56465 0.564868 0.589384 0.588323 0.533992 0.472822 0.444257 0.472267 0.521961 0.545862 0.545029 0.545082 0.584256 0.637955 0.637208 0.584178 0.538358 0.524845 0.508978 0.484754 0.455913 0.410526 0.375955 0.367939 0.365834 0.351529 0.334591 0.320933 0.305381 0.30038 0.29911 0.26442 0.204672 0.164325 0.152025 0.154568 0.165698 0.171865 0.162636 0.126829 0.0810168 0.0551241 0.0557542 0.0762245 0.0911591 0.0942317 0.0992881 0.10966 0.117714 0.118948 0.115449 0.104393 0.0967929 0.111965 0.136179 
0.785551 0.74017 0.665355 0.593019 0.540185 0.502951 0.481264 0.483226 0.508686 0.547927 0.562433 0.546371 0.533799 0.511119 0.46331 0.419801 0.401765 0.432731 0.505011 0.575678 0.616476 0.641574 0.687007 0.728785 0.72164 0.661746 0.595997 0.564032 0.543403 0.515391 0.477375 0.423353 0.389566 0.387035 0.394789 0.387024 0.361153 0.333704 0.309514 0.288019 0.273418 0.242706 0.195504 0.17563 0.184058 0.184811 0.173591 0.165178 0.147343 0.104819 0.0653829 0.0511592 0.0604628 0.0864089 0.105558 0.113296 0.118585 0.121651 0.115843 0.104606 0.0955096 0.0885883 0.0860251 0.100503 0.123089 
0.745443 0.679329 0.613229 0.555817 0.497044 0.443662 0.412402 0.415756 0.462388 0.518047 0.540316 0.51957 0.482751 0.441828 0.393125 0.361573 0.372149 0.429609 0.511384 0.581569 0.635975 0.688641 0.743004 0.765053 0.752691 0.717965 0.669403 0.62449 0.585891 0.530624 0.461221 0.391655 0.35634 0.366822 0.39644 0.406484 0.387863 0.358372 0.325515 0.281922 0.244044 0.214924 0.191742 0.194332 0.204893 0.186851 0.158862 0.144991 0.12423 0.0872814 0.0612123 0.0564207 0.0667847 0.0850479 0.0977747 0.107228 0.114883 0.116746 0.108743 0.0923211 0.0738818 0.0657825 0.0696284 0.0877229 0.111541 
0.72189 0.644722 0.578507 0.522127 0.469812 0.43336 0.410836 0.398375 0.424875 0.465813 0.488409 0.48355 0.449555 0.397388 0.349302 0.330029 0.368337 0.453728 0.532579 0.576844 0.625638 0.698124 0.760235 0.760943 0.731811 0.718776 0.706119 0.659956 0.592508 0.507695 0.418579 0.350971 0.323483 0.344417 0.384545 0.403476 0.397428 0.378403 0.346686 0.288943 0.230557 0.196203 0.19259 0.208628 0.200406 0.160806 0.13227 0.122396 0.107065 0.0822528 0.0646016 0.0587131 0.0626943 0.0735427 0.080708 0.0841012 0.0897796 0.0983383 0.102537 0.0927243 0.0723328 0.0615551 0.0643083 0.0800157 0.101295 
0.697619 0.618932 0.532434 0.462528 0.428642 0.427004 0.421561 0.394308 0.390226 0.41171 0.439242 0.462282 0.444387 0.388296 0.348281 0.347815 0.396784 0.473875 0.536111 0.575787 0.617969 0.679291 0.73603 0.734657 0.703097 0.691145 0.686846 0.634933 0.54576 0.453615 0.372942 0.324877 0.313459 0.335859 0.366727 0.392381 0.402533 0.383508 0.343067 0.276916 0.212947 0.182897 0.191065 0.203482 0.175522 0.130814 0.108305 0.100947 0.0924243 0.0810025 0.0673806 0.0570099 0.0596764 0.076255 0.0869606 0.0835872 0.0830664 0.0942136 0.108724 0.111661 0.103023 0.0961094 0.0941501 0.100742 0.113273 
0.645113 0.581853 0.492656 0.417584 0.391517 0.398075 0.395741 0.369198 0.358981 0.382708 0.422883 0.456771 0.447812 0.404644 0.384835 0.399149 0.429542 0.46065 0.5022 0.564237 0.618404 0.665208 0.707184 0.70878 0.686331 0.671399 0.648472 0.582994 0.495807 0.423292 0.362123 0.324492 0.314175 0.322033 0.331945 0.358253 0.383043 0.360582 0.306892 0.238943 0.185493 0.169662 0.180816 0.179892 0.148155 0.120648 0.112076 0.105389 0.0963842 0.0905073 0.0782499 0.0662222 0.0746022 0.10489 0.125862 0.126716 0.125444 0.130003 0.14001 0.149628 0.15811 0.161814 0.157144 0.153716 0.157596 
0.596113 0.558455 0.492164 0.419649 0.372685 0.347756 0.332635 0.322265 0.334211 0.379016 0.427328 0.442045 0.421319 0.391705 0.386821 0.403125 0.4136 0.423302 0.467906 0.560253 0.650564 0.701468 0.721235 0.71124 0.688891 0.680115 0.651195 0.582277 0.503171 0.445477 0.393309 0.350291 0.323834 0.304971 0.291369 0.304273 0.330855 0.317433 0.265273 0.201583 0.1592 0.151276 0.16057 0.154045 0.130754 0.125159 0.13798 0.140449 0.127294 0.114353 0.0999867 0.0897305 0.103327 0.140197 0.167369 0.180985 0.189896 0.195202 0.203577 0.21162 0.217422 0.220376 0.215938 0.206929 0.209242 
0.602852 0.576795 0.526846 0.457325 0.386229 0.324886 0.287832 0.27849 0.300979 0.362555 0.419633 0.417563 0.380716 0.35522 0.353302 0.367081 0.383948 0.418784 0.488616 0.59765 0.714159 0.777983 0.783319 0.764681 0.736177 0.720781 0.684221 0.614541 0.536601 0.477102 0.429665 0.391558 0.354898 0.30608 0.270056 0.265858 0.284534 0.280677 0.231481 0.171154 0.140021 0.136509 0.143588 0.136976 0.121706 0.12739 0.156927 0.18188 0.177096 0.153463 0.131035 0.121313 0.13508 0.166893 0.187484 0.202157 0.225028 0.251141 0.274009 0.279998 0.269395 0.259074 0.251163 0.243773 0.252676 
0.608706 0.573195 0.522676 0.462645 0.403973 0.345655 0.298878 0.272465 0.277355 0.325739 0.378335 0.376469 0.343297 0.329671 0.341973 0.371571 0.414375 0.484207 0.575312 0.673326 0.770714 0.830814 0.838326 0.82516 0.791181 0.752263 0.695809 0.620417 0.547575 0.487822 0.447711 0.430603 0.40277 0.333374 0.274963 0.256815 0.266835 0.26196 0.217656 0.171147 0.15503 0.154946 0.155851 0.147123 0.13931 0.152984 0.187804 0.224947 0.234119 0.207362 0.177482 0.165729 0.174097 0.19275 0.199297 0.204952 0.229729 0.262422 0.291119 0.304807 0.297683 0.282338 0.267101 0.261463 0.274757 
0.547555 0.515611 0.472966 0.431956 0.409111 0.385902 0.346813 0.302711 0.285372 0.305192 0.334973 0.340441 0.332688 0.341109 0.37818 0.438525 0.506271 0.586015 0.681015 0.760775 0.811146 0.833176 0.828436 0.816059 0.780185 0.727093 0.665253 0.598013 0.543538 0.491729 0.456306 0.45275 0.442391 0.371894 0.298349 0.272692 0.280565 0.274328 0.244094 0.225324 0.225306 0.219129 0.202896 0.187637 0.189562 0.212984 0.24163 0.269966 0.284723 0.261613 0.226751 0.208911 0.208297 0.207906 0.19996 0.20365 0.221752 0.234856 0.244097 0.263571 0.280319 0.277646 0.266565 0.267395 0.284888 
0.479672 0.466346 0.442164 0.418375 0.407069 0.394243 0.362616 0.319185 0.294215 0.294731 0.311622 0.338148 0.369756 0.399771 0.446011 0.519783 0.599152 0.677817 0.766098 0.829408 0.842541 0.829383 0.795607 0.752934 0.706783 0.66411 0.628054 0.592006 0.560906 0.514949 0.47471 0.467284 0.463208 0.406787 0.338593 0.305979 0.304093 0.301064 0.293612 0.305233 0.307539 0.273483 0.234876 0.22051 0.232492 0.254838 0.272006 0.28934 0.29612 0.272326 0.241169 0.224237 0.220746 0.209986 0.195166 0.201768 0.210654 0.197993 0.183251 0.199509 0.235788 0.259892 0.273967 0.289873 0.313612 
0.44506 0.444323 0.440098 0.432248 0.411371 0.376095 0.345845 0.32322 0.306388 0.305707 0.327459 0.379358 0.447885 0.487793 0.517138 0.579371 0.663182 0.75057 0.820447 0.847863 0.839129 0.830725 0.790132 0.712506 0.657621 0.643823 0.64525 0.634486 0.608896 0.566161 0.525045 0.502523 0.479169 0.428954 0.375583 0.332465 0.312657 0.320253 0.339127 0.362375 0.348123 0.288613 0.24465 0.234778 0.236845 0.245228 0.263148 0.28209 0.278495 0.250577 0.226709 0.219403 0.2191 0.206885 0.192654 0.198047 0.196142 0.168876 0.145348 0.156771 0.197476 0.246696 0.291693 0.322063 0.344176 
0.433232 0.435677 0.443813 0.445876 0.41894 0.377125 0.361985 0.362625 0.355251 0.36128 0.390136 0.44909 0.531118 0.585529 0.613877 0.658511 0.71865 0.789219 0.833446 0.829457 0.813611 0.826027 0.804509 0.725084 0.6687 0.663313 0.679718 0.683891 0.661644 0.629664 0.597519 0.558388 0.507331 0.446314 0.388913 0.333662 0.3012 0.318753 0.36132 0.383741 0.355538 0.296086 0.261114 0.24724 0.226507 0.22362 0.252468 0.282124 0.277643 0.248482 0.226233 0.221284 0.217845 0.205546 0.200021 0.207332 0.197946 0.163652 0.137781 0.144691 0.181134 0.235737 0.288091 0.317573 0.329391 
0.453276 0.454278 0.467376 0.465774 0.431405 0.403598 0.41485 0.430044 0.421467 0.421425 0.442076 0.485248 0.557965 0.638374 0.695434 0.723274 0.73433 0.762703 0.78654 0.777083 0.769726 0.794345 0.793099 0.739712 0.689282 0.671533 0.683915 0.704632 0.699467 0.672497 0.638524 0.594572 0.540774 0.476412 0.407328 0.342455 0.299613 0.310129 0.358378 0.384213 0.36176 0.314092 0.283472 0.265584 0.24026 0.233373 0.264889 0.299994 0.29869 0.273562 0.251798 0.237322 0.221755 0.21427 0.221696 0.224716 0.203301 0.165931 0.144031 0.154382 0.186709 0.226359 0.260948 0.276059 0.275957 
0.460659 0.457507 0.472763 0.476602 0.45382 0.439748 0.460717 0.482607 0.469829 0.443726 0.431748 0.447771 0.505407 0.598738 0.676308 0.700919 0.693807 0.697724 0.702193 0.685045 0.682732 0.702098 0.705028 0.687907 0.673548 0.674631 0.695776 0.723599 0.72763 0.697516 0.649701 0.602655 0.561354 0.513317 0.449856 0.379874 0.326414 0.318785 0.349441 0.375288 0.374919 0.343524 0.308834 0.286683 0.273745 0.275543 0.310409 0.346836 0.346228 0.317256 0.284163 0.253734 0.228812 0.225763 0.235631 0.228449 0.195732 0.155892 0.140526 0.158603 0.187756 0.213162 0.235876 0.244286 0.239476 
0.442963 0.431322 0.4381 0.455547 0.467826 0.463695 0.468199 0.487383 0.479162 0.433414 0.395389 0.394284 0.435263 0.518147 0.588782 0.606716 0.599223 0.593172 0.585043 0.566438 0.57363 0.599053 0.605924 0.610379 0.635087 0.673915 0.715957 0.744094 0.755056 0.734468 0.682621 0.625599 0.587171 0.558849 0.511273 0.438706 0.369418 0.333376 0.333228 0.354377 0.374915 0.364483 0.334765 0.313901 0.312356 0.331244 0.37877 0.420199 0.41445 0.371364 0.321681 0.281817 0.254072 0.238715 0.227565 0.207181 0.173175 0.139184 0.133325 0.157137 0.18415 0.210113 0.236138 0.244981 0.24006 
0.439636 0.410935 0.398268 0.414632 0.443334 0.442919 0.43553 0.450374 0.442032 0.389014 0.354718 0.36683 0.406361 0.4717 0.524651 0.530272 0.514237 0.498422 0.483659 0.467598 0.487711 0.535931 0.556846 0.562048 0.59226 0.644909 0.696479 0.724037 0.751103 0.765215 0.739848 0.684595 0.64187 0.612984 0.561648 0.479028 0.391428 0.335395 0.322596 0.34439 0.369684 0.376196 0.371628 0.364361 0.362453 0.380553 0.420092 0.453882 0.447011 0.415964 0.381876 0.353097 0.326444 0.286628 0.24444 0.202479 0.160572 0.13096 0.130552 0.155359 0.182576 0.211329 0.236586 0.243169 0.242567 
0.458133 0.402899 0.367312 0.371028 0.39487 0.40433 0.407349 0.416546 0.400457 0.350997 0.337346 0.374062 0.422567 0.47226 0.506698 0.500054 0.478759 0.46698 0.446391 0.41483 0.427724 0.48199 0.516507 0.526071 0.554409 0.612619 0.669096 0.691224 0.714203 0.752121 0.770278 0.745593 0.707287 0.667187 0.598962 0.497822 0.402725 0.351652 0.348821 0.372144 0.386109 0.400755 0.426905 0.434595 0.42467 0.422719 0.429514 0.441993 0.446912 0.457152 0.463966 0.451117 0.420718 0.357358 0.28265 0.209333 0.152038 0.126477 0.132736 0.155136 0.176741 0.197099 0.21467 0.221984 0.229826 
0.466014 0.399244 0.349505 0.33533 0.353133 0.384125 0.400441 0.397796 0.377525 0.339261 0.336333 0.377194 0.427113 0.468863 0.493291 0.48056 0.461644 0.46073 0.442044 0.401134 0.396186 0.432629 0.472247 0.49922 0.539727 0.610346 0.672783 0.688696 0.692479 0.725624 0.769245 0.781366 0.761588 0.728668 0.655094 0.535356 0.439326 0.408381 0.426927 0.447523 0.439761 0.44262 0.469468 0.480742 0.475653 0.473389 0.462647 0.45736 0.471586 0.501264 0.525967 0.522371 0.484582 0.400057 0.294568 0.19284 0.130729 0.12016 0.1423 0.166261 0.177454 0.181595 0.19017 0.20245 0.218006 
0.47288 0.412102 0.357529 0.332139 0.348152 0.386417 0.396359 0.388152 0.374756 0.342829 0.32839 0.3488 0.390848 0.436563 0.456467 0.429485 0.402895 0.407661 0.413562 0.401146 0.39587 0.410277 0.444803 0.492174 0.549564 0.615166 0.662946 0.673138 0.671041 0.688392 0.729399 0.769398 0.78692 0.781167 0.719497 0.598109 0.50117 0.485174 0.524436 0.541538 0.507613 0.474346 0.466995 0.464652 0.463671 0.487816 0.507087 0.511948 0.526499 0.530721 0.525937 0.517988 0.483532 0.398871 0.288006 0.176756 0.117949 0.118582 0.147136 0.167676 0.170586 0.164572 0.165158 0.172342 0.178024 
0.517117 0.458895 0.402403 0.377721 0.392467 0.418906 0.408803 0.389571 0.375563 0.345002 0.318825 0.319045 0.349604 0.397073 0.413449 0.378701 0.342247 0.344906 0.378691 0.406426 0.412407 0.412996 0.443779 0.507474 0.567272 0.598609 0.609993 0.617114 0.633928 0.654411 0.676489 0.719639 0.766905 0.78318 0.733469 0.623027 0.529614 0.517697 0.560993 0.579592 0.537442 0.472634 0.430718 0.416846 0.418138 0.462092 0.523093 0.562464 0.574716 0.54137 0.492386 0.464869 0.437127 0.373415 0.28438 0.185112 0.130459 0.128398 0.144919 0.150835 0.148751 0.143702 0.134728 0.12105 0.106902 
0.571907 0.519247 0.464579 0.446939 0.463679 0.472065 0.440958 0.398361 0.365072 0.336776 0.322417 0.31948 0.334265 0.369817 0.384912 0.359175 0.326261 0.335427 0.395418 0.455672 0.469453 0.457862 0.479186 0.533105 0.566317 0.562666 0.55776 0.580454 0.62813 0.668035 0.675733 0.701309 0.745662 0.751263 0.681028 0.563274 0.472848 0.46284 0.500849 0.524778 0.504664 0.44383 0.385265 0.373854 0.393713 0.443077 0.507948 0.557288 0.554408 0.499606 0.436942 0.400595 0.371441 0.324717 0.268424 0.202753 0.157003 0.140092 0.13584 0.131812 0.129283 0.124264 0.10445 0.0763494 0.0572714 
0.621495 0.573422 0.517974 0.501715 0.518074 0.512617 0.472877 0.414998 0.357764 0.327192 0.332752 0.336911 0.332023 0.347096 0.362812 0.351245 0.336928 0.364568 0.442266 0.519699 0.537673 0.516858 0.519945 0.539906 0.532354 0.505657 0.511171 0.561805 0.634813 0.695257 0.709527 0.723566 0.739179 0.705647 0.603085 0.473345 0.390864 0.385253 0.4115 0.424066 0.424041 0.393806 0.346722 0.343807 0.375155 0.413278 0.450998 0.47353 0.448728 0.396039 0.352258 0.332451 0.30659 0.264231 0.231953 0.200648 0.162801 0.130033 0.115909 0.11708 0.120851 0.114446 0.0882604 0.0566534 0.0393103 
0.647321 0.594633 0.535801 0.522563 0.534161 0.518777 0.477112 0.416107 0.356886 0.332903 0.348656 0.358671 0.338749 0.324034 0.326997 0.326091 0.333539 0.380247 0.462691 0.540652 0.561978 0.540418 0.528877 0.524443 0.487823 0.444548 0.450654 0.503166 0.583926 0.670858 0.710874 0.71811 0.702567 0.649705 0.549556 0.423072 0.342379 0.323849 0.321124 0.312132 0.322173 0.332323 0.323337 0.326955 0.340747 0.348707 0.355333 0.350958 0.321662 0.289789 0.275013 0.28184 0.275366 0.239221 0.213321 0.19277 0.154296 0.113608 0.0983509 0.106049 0.117194 0.118086 0.0987552 0.0688754 0.0497387 
0.615873 0.55185 0.494537 0.499552 0.514014 0.483054 0.428045 0.369442 0.332756 0.331141 0.351904 0.362431 0.334204 0.295962 0.281001 0.281606 0.294904 0.346324 0.430332 0.503382 0.526442 0.511944 0.497444 0.487991 0.445221 0.399979 0.394343 0.421922 0.493793 0.600052 0.6639 0.668434 0.645638 0.604923 0.529357 0.421548 0.341415 0.296332 0.257763 0.234782 0.252626 0.289689 0.310116 0.310513 0.29878 0.283381 0.272906 0.258857 0.239206 0.229359 0.236826 0.261757 0.271711 0.241127 0.210295 0.186778 0.150809 0.112689 0.0947562 0.0993828 0.115596 0.13175 0.130038 0.107377 0.084487 
0.532949 0.482107 0.442262 0.460074 0.471547 0.422902 0.350034 0.295182 0.285807 0.314352 0.347982 0.354717 0.323717 0.281661 0.258186 0.251534 0.25299 0.285313 0.35616 0.427148 0.461562 0.458546 0.446163 0.441386 0.414311 0.387431 0.383508 0.388103 0.428165 0.514116 0.574063 0.578506 0.565804 0.551246 0.510238 0.438763 0.375047 0.315125 0.256025 0.230438 0.250298 0.286965 0.310394 0.304599 0.277353 0.248454 0.227394 0.206316 0.191842 0.197075 0.221258 0.255874 0.270547 0.246025 0.212581 0.184248 0.152578 0.122372 0.103659 0.102371 0.120213 0.147023 0.161092 0.151469 0.131367 
0.458423 0.439647 0.42228 0.431323 0.424535 0.369974 0.295059 0.244182 0.249809 0.302836 0.358417 0.370608 0.343259 0.29969 0.266114 0.24644 0.233347 0.247301 0.307611 0.385536 0.429849 0.424361 0.414461 0.425231 0.424665 0.41674 0.420384 0.415293 0.417049 0.458522 0.493622 0.4885 0.470857 0.466879 0.453772 0.41712 0.38009 0.333241 0.284466 0.263375 0.275674 0.305602 0.328541 0.316308 0.284839 0.25272 0.21934 0.185081 0.170514 0.186283 0.223465 0.263507 0.277421 0.262756 0.23225 0.194239 0.158117 0.134818 0.123746 0.126193 0.146776 0.172718 0.189743 0.194655 0.186771 
0.416149 0.41515 0.410778 0.395072 0.35704 0.306549 0.255086 0.220842 0.23267 0.293249 0.364512 0.396333 0.381312 0.334233 0.285951 0.257063 0.246444 0.261613 0.319023 0.393006 0.431546 0.424859 0.428651 0.460268 0.482021 0.480186 0.477895 0.467407 0.448915 0.461574 0.473645 0.443625 0.395724 0.371473 0.368688 0.365343 0.356353 0.330744 0.305951 0.291527 0.295427 0.326002 0.350046 0.333507 0.30768 0.281553 0.242402 0.197733 0.179347 0.202773 0.252889 0.293943 0.299022 0.281716 0.24955 0.208316 0.174565 0.159849 0.159755 0.171341 0.192594 0.210016 0.223528 0.240526 0.247716 
0.36206 0.366052 0.370041 0.340658 0.279198 0.231996 0.211658 0.207714 0.229792 0.285194 0.34754 0.382501 0.377275 0.341371 0.301039 0.281115 0.282242 0.302078 0.348361 0.398541 0.423655 0.432592 0.461179 0.501002 0.524482 0.525199 0.520262 0.506366 0.481716 0.480023 0.479373 0.430815 0.352207 0.298212 0.292333 0.314975 0.32772 0.318177 0.316203 0.3161 0.316257 0.334078 0.346065 0.328149 0.3068 0.287042 0.258246 0.226049 0.216275 0.251518 0.304794 0.330072 0.322032 0.293505 0.251888 0.214266 0.193127 0.188616 0.194276 0.206376 0.221749 0.230509 0.23948 0.255846 0.265595 
0.30731 0.30752 0.308815 0.282351 0.226034 0.184835 0.179719 0.198941 0.236165 0.289514 0.331053 0.345693 0.335916 0.313196 0.293595 0.289767 0.29829 0.320968 0.359568 0.394057 0.410362 0.426318 0.460725 0.490536 0.498829 0.509309 0.527861 0.518915 0.479627 0.454254 0.44514 0.405743 0.334385 0.271156 0.249609 0.264012 0.274241 0.273898 0.294061 0.31935 0.323675 0.320095 0.316419 0.29344 0.263348 0.242008 0.231912 0.236811 0.26 0.308782 0.343263 0.336085 0.314987 0.283613 0.2427 0.207972 0.184928 0.174993 0.17849 0.187309 0.200064 0.212115 0.221585 0.230694 0.237323 
0.279031 0.269483 0.261358 0.240939 0.199563 0.164334 0.15702 0.178157 0.220332 0.278628 0.322127 0.33061 0.309733 0.283503 0.272564 0.27364 0.284398 0.315942 0.357334 0.386799 0.397267 0.40013 0.409183 0.419759 0.42225 0.452221 0.506123 0.510589 0.446114 0.387404 0.368225 0.35264 0.32077 0.272661 0.231527 0.215557 0.208069 0.206417 0.235275 0.284288 0.310409 0.309399 0.30246 0.26553 0.212684 0.184518 0.192692 0.233195 0.28973 0.347091 0.36504 0.334747 0.296071 0.260651 0.223557 0.186145 0.151358 0.129892 0.130747 0.141412 0.152725 0.173638 0.198032 0.210715 0.21776 
0.269811 0.258333 0.252773 0.239767 0.201367 0.162208 0.144115 0.152689 0.185847 0.244301 0.304196 0.329882 0.3145 0.284838 0.26907 0.267647 0.284747 0.325933 0.367253 0.386651 0.37924 0.352757 0.330357 0.327892 0.34099 0.38757 0.462212 0.485757 0.414461 0.335091 0.306712 0.31036 0.316026 0.288004 0.232799 0.190646 0.169005 0.162412 0.186675 0.24277 0.290166 0.300795 0.289554 0.244447 0.188686 0.167968 0.190675 0.239744 0.30114 0.364686 0.388016 0.355315 0.302459 0.257943 0.215132 0.168155 0.123974 0.0951334 0.0915118 0.104718 0.120566 0.151569 0.194716 0.217826 0.22712 
0.271466 0.268698 0.274132 0.262811 0.214563 0.16623 0.141483 0.141363 0.163604 0.21882 0.291397 0.331969 0.327763 0.303728 0.28335 0.280049 0.301223 0.341185 0.372774 0.372697 0.341082 0.289917 0.250003 0.246651 0.27673 0.337076 0.424129 0.466166 0.406313 0.31984 0.285043 0.301449 0.324997 0.305592 0.250284 0.200864 0.170754 0.157875 0.173008 0.219378 0.266588 0.278696 0.262604 0.227575 0.19697 0.197132 0.224515 0.257624 0.301786 0.364849 0.402147 0.384797 0.332534 0.27345 0.213257 0.154047 0.104261 0.0735185 0.0665242 0.0784886 0.102425 0.146545 0.208025 0.245249 0.258501 
0.261775 0.272749 0.28966 0.28178 0.228371 0.173952 0.151483 0.155811 0.171993 0.215075 0.280402 0.317462 0.315861 0.309073 0.303058 0.304202 0.320577 0.34915 0.363172 0.341448 0.296755 0.240678 0.198958 0.197503 0.232518 0.299744 0.392561 0.446128 0.41333 0.339286 0.304089 0.325842 0.345239 0.31756 0.26936 0.227874 0.197112 0.181681 0.18867 0.218469 0.252973 0.264359 0.251006 0.2332 0.231452 0.245788 0.264187 0.284122 0.315949 0.362652 0.39474 0.390529 0.348368 0.273734 0.194275 0.133183 0.0911593 0.0655159 0.0566738 0.0644363 0.0929138 0.148642 0.224518 0.276666 0.297194 
0.251068 0.26638 0.286671 0.286801 0.23995 0.185328 0.167486 0.184678 0.204864 0.230596 0.271359 0.293896 0.292841 0.304229 0.315728 0.317239 0.320697 0.33787 0.343956 0.316905 0.277011 0.231215 0.194127 0.188071 0.209661 0.262609 0.341237 0.401994 0.413718 0.378277 0.355035 0.377826 0.378072 0.327915 0.280282 0.247145 0.227039 0.224783 0.236487 0.251411 0.261728 0.259933 0.249997 0.243767 0.248227 0.254807 0.261604 0.281801 0.313501 0.344482 0.367615 0.373673 0.341562 0.26056 0.172867 0.117395 0.0894423 0.0721226 0.0642436 0.0709551 0.0970169 0.151536 0.229093 0.289996 0.318759 
0.23702 0.249702 0.267792 0.272937 0.239684 0.194945 0.185735 0.21414 0.24136 0.252008 0.261322 0.267053 0.275588 0.302156 0.314556 0.302075 0.286165 0.291137 0.301389 0.287382 0.267516 0.240731 0.209473 0.191569 0.18963 0.220443 0.285751 0.350755 0.39083 0.395668 0.394944 0.418367 0.399629 0.334837 0.291442 0.27292 0.269785 0.281029 0.297797 0.293846 0.270127 0.249348 0.241841 0.234736 0.222471 0.211421 0.210997 0.231078 0.265756 0.294125 0.324303 0.350576 0.333492 0.255581 0.169264 0.121268 0.102451 0.0898794 0.0888332 0.102805 0.123904 0.164359 0.226345 0.279742 0.308371 
0.223084 0.233214 0.247336 0.251943 0.23689 0.214618 0.220284 0.249402 0.268377 0.266138 0.252827 0.245529 0.261523 0.291498 0.289971 0.260154 0.233506 0.233834 0.251615 0.253882 0.245402 0.229558 0.205655 0.179416 0.161675 0.18702 0.256402 0.31731 0.351001 0.374005 0.400624 0.430914 0.403495 0.341471 0.311019 0.307916 0.309516 0.314487 0.321865 0.300836 0.258508 0.227315 0.21499 0.200389 0.179859 0.167263 0.165776 0.182523 0.219247 0.251693 0.285206 0.314874 0.308566 0.241934 0.167156 0.131314 0.121225 0.116366 0.124637 0.142421 0.157102 0.182925 0.22518 0.259664 0.275273 
0.205899 0.217985 0.236258 0.243958 0.239946 0.236663 0.25845 0.284973 0.289601 0.273895 0.248739 0.232793 0.238108 0.25389 0.245572 0.212176 0.185394 0.189873 0.212955 0.223386 0.208782 0.18774 0.170474 0.153548 0.14335 0.175302 0.243515 0.290461 0.31235 0.339787 0.384472 0.424414 0.396951 0.337399 0.309878 0.309577 0.31275 0.312144 0.310237 0.288192 0.252089 0.21703 0.190848 0.166149 0.150577 0.149583 0.150379 0.162716 0.198851 0.234914 0.262224 0.275762 0.264811 0.213642 0.162716 0.142866 0.142637 0.147706 0.155443 0.158093 0.157903 0.172357 0.202708 0.227155 0.235331 
0.192187 0.214981 0.239429 0.244001 0.234333 0.234179 0.262424 0.294116 0.30273 0.281515 0.251346 0.22961 0.214183 0.207166 0.19669 0.165405 0.142102 0.15292 0.176827 0.187564 0.167115 0.138699 0.125343 0.122974 0.12946 0.166861 0.223761 0.257995 0.279384 0.310471 0.35773 0.400235 0.37455 0.308714 0.27481 0.275533 0.286687 0.290518 0.291004 0.277646 0.25292 0.220356 0.184186 0.153796 0.148103 0.157584 0.155807 0.158677 0.188867 0.227345 0.249867 0.251686 0.234665 0.192849 0.157409 0.146998 0.154776 0.16426 0.160576 0.142774 0.128155 0.134675 0.161583 0.188819 0.201048 
0.199835 0.231443 0.248213 0.235972 0.214642 0.210229 0.231029 0.263475 0.28466 0.270603 0.241206 0.217365 0.191379 0.170515 0.1522 0.119986 0.101439 0.114797 0.135361 0.143073 0.125878 0.0997696 0.0908659 0.0990092 0.116767 0.148632 0.191933 0.223133 0.242557 0.265654 0.301428 0.342096 0.330428 0.279126 0.250654 0.25064 0.259783 0.26678 0.273734 0.26534 0.244923 0.216993 0.178072 0.150264 0.154861 0.166334 0.159212 0.158382 0.186189 0.22325 0.241825 0.243674 0.228148 0.192009 0.161729 0.149978 0.154277 0.160159 0.149749 0.125429 0.110137 0.118239 0.144326 0.171377 0.185343 
0.21485 0.246847 0.252693 0.225365 0.198951 0.190158 0.19525 0.218024 0.241026 0.232567 0.205195 0.18291 0.16133 0.139208 0.114012 0.0863281 0.0757435 0.0895661 0.104925 0.10191 0.0820618 0.0638203 0.0648601 0.0845403 0.11159 0.137254 0.169107 0.200612 0.215023 0.222211 0.241766 0.275403 0.280298 0.258088 0.245429 0.248288 0.256724 0.262397 0.262321 0.24593 0.222543 0.196765 0.167171 0.151096 0.162246 0.169204 0.15793 0.161839 0.192883 0.223642 0.232655 0.233309 0.22486 0.203347 0.18249 0.162971 0.149026 0.144548 0.137989 0.120441 0.112239 0.12688 0.151116 0.169871 0.180978 
0.236133 0.253456 0.242281 0.204992 0.18434 0.182191 0.178057 0.184465 0.196201 0.186464 0.159555 0.140169 0.128529 0.108866 0.0823768 0.0647685 0.06192 0.07281 0.0827836 0.0717818 0.0469369 0.0337224 0.0407512 0.065968 0.102016 0.136571 0.165604 0.190332 0.197894 0.192819 0.200642 0.222527 0.230838 0.229346 0.234273 0.248844 0.268103 0.275687 0.259691 0.227336 0.199791 0.182262 0.1718 0.166358 0.177251 0.183629 0.173685 0.178473 0.201998 0.219113 0.219579 0.222122 0.223915 0.216572 0.205266 0.178187 0.142529 0.121957 0.116881 0.10926 0.108331 0.124678 0.143683 0.152372 0.157726 
0.277545 0.268574 0.227346 0.175408 0.160526 0.175996 0.17801 0.167809 0.163385 0.152224 0.126449 0.107437 0.101314 0.0842733 0.0607843 0.0501707 0.0480308 0.04806 0.048779 0.0396131 0.0215017 0.013625 0.0190126 0.0386016 0.0764629 0.125227 0.161419 0.177247 0.172301 0.157719 0.162704 0.178725 0.186862 0.195287 0.210614 0.239263 0.270062 0.28054 0.259361 0.223235 0.203179 0.202593 0.205211 0.202128 0.209112 0.217451 0.215575 0.221248 0.229269 0.230849 0.228595 0.233452 0.23288 0.219518 0.208807 0.184947 0.144671 0.117389 0.108992 0.103141 0.103068 0.110147 0.116186 0.116891 0.118353 
0.311896 0.284101 0.224239 0.164057 0.147858 0.171077 0.184328 0.170095 0.154195 0.137957 0.112779 0.0959588 0.0918703 0.0747887 0.0502228 0.0374567 0.029453 0.0206167 0.0160911 0.0134852 0.00816436 0.00592309 0.00851879 0.0194765 0.0478048 0.0953793 0.138119 0.153361 0.140608 0.1179 0.118752 0.133694 0.146078 0.164999 0.187672 0.218123 0.246487 0.264128 0.263851 0.250031 0.253453 0.272079 0.275822 0.266904 0.267995 0.275844 0.280961 0.289212 0.286343 0.27396 0.265167 0.259685 0.241836 0.217989 0.214189 0.210936 0.182961 0.153957 0.136909 0.123638 0.117708 0.112633 0.106451 0.104227 0.107898 
0.339784 0.298011 0.233437 0.177704 0.160164 0.176188 0.186605 0.178863 0.163217 0.139583 0.116243 0.10704 0.102299 0.0812852 0.0519481 0.031349 0.0176913 0.00801813 0.00375662 0.00364139 0.00428889 0.00503562 0.00590849 0.012031 0.0318344 0.0666554 0.0990088 0.112427 0.105886 0.0868468 0.0838837 0.0963685 0.111888 0.141533 0.177943 0.208702 0.227665 0.248603 0.268968 0.284507 0.316327 0.348313 0.347329 0.329708 0.33047 0.350422 0.371354 0.385704 0.37396 0.338105 0.305555 0.281363 0.251432 0.227159 0.233882 0.250136 0.237004 0.208316 0.180616 0.15704 0.146082 0.137723 0.125769 0.122201 0.128816 
0.384157 0.331502 0.264578 0.218921 0.206047 0.203113 0.187338 0.181312 0.181343 0.164527 0.145925 0.139451 0.127422 0.0964766 0.059578 0.0317937 0.0153393 0.00584203 0.00170985 0.00173838 0.00339632 0.00415288 0.00368119 0.00879331 0.0272567 0.0528526 0.0707998 0.0797453 0.0821028 0.0739744 0.0706209 0.0757825 0.0880365 0.121987 0.171581 0.211764 0.230286 0.24881 0.26782 0.292436 0.334127 0.367532 0.368723 0.356538 0.369975 0.409026 0.448425 0.473642 0.453004 0.386513 0.327011 0.293876 0.265354 0.242631 0.243513 0.252326 0.244452 0.229431 0.207537 0.184332 0.174153 0.16695 0.15287 0.151217 0.161138 
0.417784 0.374324 0.319863 0.286849 0.275262 0.247339 0.205781 0.19727 0.209553 0.204098 0.185116 0.167952 0.14614 0.107897 0.0672872 0.0392588 0.0201951 0.00722867 0.00179956 0.00159139 0.00258336 0.0019217 0.00146395 0.00757781 0.0295375 0.0532838 0.0638446 0.0688159 0.0734084 0.0752233 0.0750659 0.0719037 0.0768613 0.106522 0.160059 0.215327 0.247558 0.271113 0.286048 0.30429 0.331954 0.350825 0.355019 0.357898 0.382264 0.424378 0.470127 0.508183 0.487557 0.407257 0.33633 0.304753 0.284411 0.258353 0.240759 0.233792 0.230826 0.230739 0.21999 0.200921 0.188373 0.176082 0.161017 0.164567 0.179908 
0.406347 0.382761 0.357812 0.341486 0.325093 0.286784 0.245976 0.238522 0.246923 0.23593 0.205231 0.172889 0.141852 0.104123 0.0725892 0.0543483 0.0344169 0.0139026 0.00355573 0.00144439 0.000901279 0.000167584 0.00022262 0.00582453 0.028317 0.052604 0.0648089 0.0739671 0.0824088 0.0925764 0.095653 0.0860932 0.0831657 0.106048 0.158176 0.22024 0.260674 0.292561 0.318072 0.336806 0.351055 0.351489 0.345386 0.349853 0.37516 0.408936 0.4502 0.497393 0.493615 0.432 0.367723 0.335275 0.312308 0.273582 0.237619 0.22351 0.230107 0.237222 0.22933 0.211004 0.188583 0.17045 0.16272 0.173465 0.193558 
0.376733 0.363643 0.360437 0.356857 0.341223 0.314766 0.292738 0.286606 0.280393 0.256232 0.215678 0.168836 0.126125 0.0948745 0.0793448 0.0752675 0.0623387 0.035724 0.0142734 0.0047877 0.00087532 0 1.51394e-05 0.00404628 0.0234256 0.0479547 0.065744 0.084302 0.0995878 0.112429 0.112324 0.0982418 0.0900511 0.108134 0.158829 0.221884 0.26417 0.295847 0.324444 0.340314 0.353232 0.357642 0.345871 0.336301 0.351358 0.379118 0.413901 0.458006 0.475046 0.456013 0.423023 0.391449 0.342272 0.27707 0.230835 0.218148 0.230166 0.24097 0.236185 0.221203 0.191835 0.171815 0.176238 0.194901 0.218294 
0.34836 0.336622 0.336462 0.342978 0.338396 0.327052 0.317967 0.309334 0.290834 0.263496 0.229932 0.180506 0.130417 0.104488 0.0984424 0.1023 0.0994964 0.0729663 0.0419557 0.0206098 0.00615489 0.000950978 0.000860647 0.00635887 0.0239152 0.0454106 0.0656998 0.0901817 0.10809 0.113387 0.103176 0.0900072 0.0840089 0.0957354 0.138035 0.20097 0.250605 0.277281 0.291978 0.301634 0.321357 0.343647 0.344836 0.333125 0.341514 0.362967 0.386275 0.417939 0.448249 0.466606 0.46581 0.435119 0.362189 0.288352 0.247215 0.235331 0.241905 0.250124 0.244121 0.227694 0.195396 0.176391 0.19214 0.220021 0.242816 
0.321907 0.30997 0.305558 0.310003 0.310505 0.314161 0.314327 0.297574 0.27677 0.259132 0.236217 0.193498 0.149327 0.129092 0.122741 0.124141 0.126992 0.105337 0.0735519 0.0467311 0.0209457 0.00703333 0.00485337 0.00997932 0.0224797 0.038512 0.061352 0.0927973 0.112379 0.104239 0.080468 0.0677524 0.0679752 0.0782326 0.10954 0.166143 0.220348 0.24192 0.241755 0.248479 0.271093 0.297894 0.320441 0.337997 0.361203 0.383633 0.397796 0.410732 0.43554 0.46831 0.474963 0.440219 0.368797 0.310942 0.282592 0.26614 0.256491 0.253585 0.246954 0.232445 0.205539 0.194085 0.213225 0.237343 0.247795 
0.286585 0.276619 0.277682 0.282812 0.286797 0.301662 0.304086 0.27334 0.252129 0.249708 0.230823 0.187726 0.1513 0.135819 0.127963 0.128271 0.132679 0.115865 0.0872081 0.0610778 0.0314602 0.011265 0.00512632 0.00592285 0.012015 0.0245417 0.0485637 0.0846806 0.104126 0.0854366 0.0561795 0.0451433 0.0524211 0.069294 0.09817 0.148046 0.19855 0.219121 0.214947 0.214179 0.225107 0.2466 0.286248 0.338842 0.387579 0.42033 0.431246 0.425884 0.43156 0.450553 0.445586 0.415756 0.364275 0.322893 0.294108 0.266368 0.247288 0.243012 0.244317 0.244973 0.239251 0.243956 0.258852 0.26338 0.256864 
0.265399 0.250941 0.256918 0.270926 0.280171 0.298172 0.299453 0.256596 0.227074 0.23566 0.224813 0.180613 0.144321 0.127633 0.119936 0.122269 0.123957 0.108376 0.0846604 0.0632069 0.033348 0.00930813 0.00152399 0.000692236 0.00298614 0.0120611 0.0337682 0.0702046 0.0878773 0.0659737 0.0401562 0.0326467 0.0430255 0.0626606 0.0927912 0.144561 0.195565 0.217792 0.210099 0.193826 0.188456 0.209461 0.261567 0.333792 0.400831 0.447264 0.462368 0.446164 0.432381 0.429911 0.413768 0.394232 0.361337 0.323878 0.278929 0.240859 0.23029 0.240271 0.250324 0.261051 0.275437 0.296434 0.307266 0.296704 0.282423 
