terrain
65 65
0.293931 0.29664 0.299402 0.252841 0.175191 0.11283 0.0843844 0.0981723 0.137217 0.140255 0.116155 0.117245 0.13908 0.155609 0.180429 0.228068 0.311597 0.412956 0.464109 0.459402 0.41606 0.337289 0.289066 0.27257 0.235216 0.200891 0.199813 0.211775 0.216589 0.18879 0.121437 0.0527991 0.0177947 0.0119152 0.0199987 0.0350657 0.0601976 0.108436 0.17567 0.225721 0.223296 0.176468 0.117215 0.0748531 0.0542429 0.0610473 0.0767296 0.0730842 0.0744662 0.0993212 0.120693 0.132967 0.14424 0.155775 0.192392 0.259121 0.307146 0.296571 0.248398 0.218277 0.218326 0.207466 0.197306 0.218401 0.243582 
0.2981 0.29889 0.281824 0.222807 0.157302 0.110733 0.0883393 0.0988213 0.127034 0.1345 0.128737 0.140393 0.162881 0.184164 0.220271 0.268078 0.331598 0.408997 0.453887 0.44883 0.405237 0.33449 0.289347 0.271446 0.239541 0.204835 0.192861 0.193055 0.185504 0.15965 0.116007 0.0717115 0.0419205 0.0340798 0.0412076 0.0564361 0.0834665 0.12802 0.1839 0.221713 0.21782 0.180097 0.13421 0.0937315 0.0638034 0.0623842 0.076834 0.0776846 0.0809536 0.102063 0.115459 0.123772 0.136647 0.149098 0.182232 0.243642 0.293369 0.294962 0.256555 0.225834 0.224848 0.214234 0.19578 0.19759 0.207131 
0.278164 0.277818 0.248306 0.188545 0.137279 0.108676 0.0951257 0.10103 0.114005 0.12093 0.13122 0.152746 0.176962 0.207659 0.257235 0.301099 0.333099 0.382011 0.429916 0.4361 0.392319 0.325281 0.288726 0.282061 0.260843 0.218996 0.185775 0.169563 0.15722 0.146775 0.131299 0.113466 0.0977387 0.0955059 0.0988723 0.100382 0.111746 0.141741 0.18242 0.206986 0.209207 0.192785 0.163644 0.123877 0.0828259 0.0675261 0.0713004 0.0719876 0.0813446 0.106479 0.116239 0.117346 0.130653 0.149748 0.177009 0.217951 0.255159 0.271031 0.252234 0.229602 0.235214 0.228725 0.198476 0.18102 0.178849 
0.215285 0.216822 0.197415 0.163435 0.136444 0.120505 0.106793 0.1043 0.10597 0.107555 0.118583 0.138176 0.163218 0.203931 0.264896 0.299957 0.295253 0.317656 0.379776 0.414932 0.385162 0.328954 0.307913 0.320313 0.309251 0.260192 0.207641 0.175491 0.162667 0.164397 0.166958 0.172105 0.177742 0.184229 0.17756 0.153528 0.143859 0.16324 0.196412 0.214797 0.221943 0.221404 0.202439 0.159003 0.104294 0.0702976 0.0605785 0.0615023 0.0773784 0.10885 0.121086 0.116018 0.125805 0.146801 0.159811 0.17361 0.195442 0.22427 0.230941 0.229448 0.245037 0.239453 0.202732 0.179068 0.17152 
0.173962 0.177413 0.170384 0.158847 0.151566 0.136465 0.108978 0.0964496 0.0976716 0.0956269 0.0957501 0.109611 0.141941 0.188829 0.248543 0.277168 0.256512 0.259812 0.318856 0.370848 0.368715 0.34511 0.34822 0.369513 0.360218 0.311359 0.257421 0.222773 0.211389 0.217828 0.228659 0.248231 0.267146 0.265888 0.242436 0.203369 0.184683 0.201723 0.239835 0.262853 0.267376 0.264409 0.250034 0.203366 0.13096 0.0771754 0.0577449 0.0598614 0.0777198 0.109401 0.129491 0.12689 0.126953 0.136373 0.137366 0.138429 0.15552 0.193003 0.220196 0.234904 0.247285 0.237327 0.209135 0.19527 0.189275 
0.187723 0.196868 0.197994 0.189386 0.177196 0.14631 0.104231 0.0871828 0.089504 0.0848615 0.078607 0.0923108 0.129634 0.170457 0.21618 0.247705 0.243883 0.247438 0.289546 0.325295 0.33029 0.343982 0.383499 0.411044 0.394547 0.338523 0.294203 0.284715 0.29051 0.303335 0.320118 0.343523 0.355125 0.327453 0.285472 0.244265 0.223583 0.2378 0.28005 0.310774 0.316721 0.309084 0.2967 0.251264 0.169183 0.100698 0.0714752 0.0712301 0.0868224 0.115853 0.14489 0.144943 0.127786 0.121687 0.119834 0.122427 0.147981 0.198536 0.242388 0.259368 0.254929 0.239921 0.224113 0.219756 0.219275 
0.247232 0.26389 0.269061 0.245369 0.207995 0.162019 0.118213 0.0994076 0.0937384 0.0811172 0.0703626 0.0819081 0.112282 0.139773 0.176126 0.212513 0.228317 0.24168 0.27223 0.289358 0.286469 0.313718 0.375149 0.406916 0.383804 0.327211 0.30317 0.332553 0.374794 0.401873 0.417604 0.431807 0.420043 0.365699 0.314737 0.280072 0.265668 0.278811 0.309461 0.330329 0.338974 0.331327 0.311937 0.267502 0.19472 0.12674 0.0905663 0.0885164 0.104204 0.129013 0.155692 0.150955 0.122942 0.113894 0.118549 0.130818 0.170115 0.233442 0.291153 0.312494 0.295322 0.268649 0.245342 0.233995 0.23847 
0.330417 0.337587 0.329765 0.283067 0.224261 0.178599 0.149109 0.136213 0.120538 0.0921697 0.0680167 0.0695023 0.0888918 0.105886 0.133217 0.165137 0.181447 0.197465 0.230868 0.250734 0.24665 0.263115 0.311083 0.343672 0.34383 0.320209 0.318473 0.367536 0.432806 0.462209 0.455921 0.448965 0.427892 0.37729 0.333809 0.316048 0.324985 0.341381 0.347282 0.340041 0.332644 0.311993 0.278748 0.238119 0.193645 0.146492 0.109668 0.102738 0.116833 0.139933 0.160645 0.151505 0.127476 0.130428 0.150871 0.17772 0.224734 0.285917 0.343226 0.368312 0.350635 0.308404 0.258713 0.233415 0.24171 
0.39095 0.364515 0.327613 0.270855 0.216775 0.180712 0.161767 0.15693 0.141555 0.101652 0.0628972 0.0528865 0.0639461 0.0773511 0.0976587 0.121446 0.130345 0.141833 0.179264 0.211361 0.212939 0.21246 0.231001 0.259761 0.296953 0.330537 0.358789 0.418285 0.484134 0.480193 0.422987 0.389179 0.377845 0.35373 0.323213 0.316615 0.346964 0.374074 0.372288 0.352366 0.328268 0.286483 0.238401 0.201454 0.181222 0.160705 0.132475 0.119096 0.126701 0.152408 0.171974 0.158365 0.143355 0.16356 0.198119 0.232579 0.282007 0.344861 0.394425 0.401961 0.377869 0.330301 0.269304 0.237846 0.240597 
0.406072 0.355476 0.294826 0.23536 0.19087 0.15977 0.142628 0.141097 0.133318 0.0963095 0.0537202 0.036888 0.0419273 0.0575995 0.0800339 0.0984665 0.100155 0.102903 0.12918 0.161029 0.170695 0.167209 0.170217 0.194559 0.253732 0.338643 0.405301 0.471929 0.528139 0.493956 0.397772 0.337909 0.325361 0.318404 0.297257 0.286221 0.308946 0.346298 0.3669 0.357422 0.32264 0.267371 0.218775 0.192697 0.183778 0.168465 0.14517 0.135677 0.147287 0.175923 0.189427 0.169981 0.162207 0.190802 0.224725 0.261769 0.318901 0.377238 0.39646 0.370323 0.333725 0.300473 0.270545 0.259495 0.260887 
0.421501 0.361579 0.288623 0.228843 0.186664 0.14976 0.127997 0.123623 0.114292 0.080605 0.0438101 0.026964 0.0287944 0.0460395 0.0707 0.0836479 0.0792712 0.0750174 0.0874806 0.113262 0.131713 0.1361 0.142278 0.169147 0.2358 0.345624 0.438116 0.499472 0.540055 0.505236 0.406363 0.327413 0.296659 0.285228 0.269328 0.257027 0.262485 0.297977 0.336681 0.33399 0.289929 0.233355 0.196195 0.189227 0.192765 0.178324 0.163105 0.168292 0.186777 0.205531 0.204545 0.180952 0.175672 0.203032 0.235395 0.284622 0.353208 0.386667 0.364268 0.316033 0.274053 0.259079 0.26665 0.278842 0.285163 
0.479819 0.404314 0.322089 0.266035 0.223631 0.174298 0.138024 0.122164 0.102794 0.0659708 0.035647 0.0234705 0.0251745 0.0420051 0.0673219 0.0790658 0.0727179 0.0608251 0.0605599 0.080588 0.109883 0.129409 0.144213 0.170536 0.229912 0.330371 0.422068 0.481092 0.519774 0.507111 0.431172 0.346017 0.300649 0.282374 0.261849 0.238746 0.224935 0.247558 0.287105 0.291404 0.254856 0.210846 0.185058 0.184067 0.19209 0.190419 0.19652 0.218995 0.234804 0.231067 0.209118 0.179983 0.170914 0.194595 0.235018 0.303206 0.386782 0.411759 0.372608 0.312623 0.264177 0.252612 0.268418 0.277142 0.276619 
0.554516 0.466613 0.378664 0.318062 0.265792 0.212363 0.169388 0.138343 0.104419 0.0635505 0.0354023 0.0261844 0.0281394 0.0442841 0.0720156 0.0898702 0.0845257 0.0619204 0.0501305 0.0681012 0.109247 0.146395 0.16521 0.179944 0.223506 0.301437 0.381746 0.452663 0.509485 0.520738 0.468774 0.387799 0.335958 0.307437 0.265292 0.216572 0.189532 0.20431 0.237378 0.248721 0.232718 0.210668 0.190965 0.17635 0.178009 0.190895 0.212844 0.242643 0.25917 0.246777 0.214676 0.185319 0.16957 0.187636 0.244042 0.328856 0.407232 0.42178 0.382353 0.325635 0.277846 0.265778 0.278485 0.27885 0.269634 
0.555356 0.475894 0.39381 0.325836 0.265202 0.226344 0.199374 0.161226 0.115218 0.0751047 0.0462161 0.0347044 0.0341017 0.0455315 0.0688123 0.0902347 0.0869702 0.0614515 0.0493501 0.0737528 0.129564 0.178286 0.19506 0.206076 0.245699 0.306139 0.364787 0.432196 0.496091 0.512738 0.477847 0.417382 0.369775 0.326835 0.259656 0.192937 0.16265 0.172521 0.196622 0.213448 0.218138 0.215396 0.197708 0.169599 0.169549 0.192443 0.211818 0.230614 0.249842 0.250938 0.233664 0.212489 0.191588 0.202638 0.270061 0.364437 0.419954 0.407201 0.36645 0.333845 0.309037 0.299835 0.29941 0.293882 0.283719 
0.506421 0.433892 0.358095 0.295314 0.241169 0.211313 0.193082 0.162651 0.126166 0.0941846 0.0636511 0.0467806 0.0414987 0.0422409 0.0498146 0.0657866 0.0704221 0.055906 0.0517109 0.0804347 0.13916 0.189176 0.212736 0.237235 0.277429 0.324002 0.367522 0.417783 0.460637 0.458485 0.433059 0.409587 0.386659 0.339662 0.259143 0.187102 0.152697 0.153072 0.173159 0.199718 0.213624 0.215842 0.200598 0.170154 0.165277 0.185864 0.198781 0.205714 0.224654 0.244771 0.253267 0.244821 0.227608 0.235666 0.298636 0.38857 0.433791 0.412349 0.376908 0.364682 0.360354 0.356194 0.3425 0.331358 0.322765 
0.49968 0.407194 0.319933 0.261935 0.218991 0.188193 0.161372 0.138624 0.123969 0.109515 0.087294 0.06923 0.0586776 0.0439395 0.0305168 0.0333921 0.0439519 0.0474768 0.0521171 0.0730299 0.115253 0.158818 0.19454 0.227366 0.256579 0.301462 0.363831 0.418124 0.437529 0.407445 0.371634 0.361071 0.362275 0.331798 0.258089 0.189595 0.155092 0.149079 0.164382 0.193461 0.203818 0.200484 0.193644 0.173381 0.157608 0.157253 0.161215 0.17169 0.195782 0.227459 0.253805 0.257841 0.253203 0.274018 0.331709 0.406535 0.452675 0.442555 0.422909 0.421424 0.420779 0.427142 0.427152 0.424421 0.425625 
0.510575 0.405233 0.307794 0.248175 0.206314 0.169518 0.133721 0.110797 0.108598 0.115298 0.111271 0.0932063 0.0739708 0.0446044 0.0189123 0.0149769 0.0256199 0.0392519 0.0470205 0.0553197 0.0775041 0.112749 0.15447 0.182974 0.20562 0.266027 0.3584 0.428683 0.437192 0.384912 0.332043 0.314747 0.324298 0.308153 0.24753 0.188732 0.159389 0.151321 0.158949 0.177994 0.180668 0.175338 0.176841 0.161699 0.134381 0.118128 0.120278 0.143182 0.173874 0.204717 0.238135 0.252077 0.252532 0.281027 0.334624 0.392768 0.429429 0.43 0.442516 0.474165 0.495751 0.516307 0.535192 0.544864 0.551369 
0.478355 0.394551 0.314965 0.259154 0.211015 0.167951 0.128352 0.101049 0.0986102 0.112326 0.114193 0.0949897 0.0719521 0.0386891 0.0129795 0.00845529 0.0159338 0.0264377 0.0319481 0.035808 0.0472502 0.0763275 0.120845 0.149034 0.177247 0.246191 0.33842 0.410061 0.425867 0.387565 0.341169 0.319235 0.320348 0.300162 0.249495 0.200605 0.171733 0.16027 0.158998 0.15885 0.149622 0.148288 0.158384 0.145168 0.111386 0.0885349 0.0920159 0.120713 0.152348 0.180314 0.217106 0.238013 0.231807 0.245251 0.284573 0.329138 0.35392 0.36686 0.418154 0.506755 0.58508 0.62206 0.628978 0.620373 0.604324 
0.45006 0.389546 0.342557 0.30702 0.251017 0.191222 0.142053 0.110285 0.105138 0.11288 0.105052 0.0869784 0.0708629 0.0399916 0.0139414 0.00761863 0.00923989 0.0104475 0.0123766 0.0175611 0.0271249 0.0546544 0.103859 0.141749 0.178866 0.24242 0.31374 0.372324 0.39833 0.391792 0.368754 0.346432 0.333832 0.318518 0.290549 0.245498 0.19915 0.17035 0.157822 0.143086 0.123479 0.120324 0.130469 0.121629 0.0953655 0.0744349 0.0750922 0.0981537 0.131184 0.169894 0.21306 0.236608 0.223503 0.21642 0.23526 0.265157 0.282982 0.314982 0.405312 0.537466 0.644036 0.668323 0.638131 0.59723 0.557948 
0.474622 0.428057 0.398344 0.386821 0.340652 0.259285 0.18298 0.136086 0.121554 0.117938 0.102141 0.0865916 0.0744894 0.04447 0.0170994 0.00787713 0.00468635 0.00274459 0.00392211 0.00953235 0.0205303 0.0506359 0.107266 0.160856 0.207791 0.263484 0.321873 0.369709 0.389331 0.386958 0.368809 0.335218 0.312331 0.325894 0.351897 0.330302 0.25895 0.191983 0.157188 0.129747 0.102516 0.0936894 0.0989619 0.0970147 0.0854682 0.0714165 0.0674739 0.0849413 0.125093 0.178754 0.221821 0.237538 0.22015 0.205817 0.219813 0.248317 0.269093 0.317318 0.425024 0.554718 0.632122 0.615027 0.561521 0.518483 0.479455 
0.518952 0.491468 0.464375 0.454701 0.421469 0.328307 0.224922 0.15882 0.131576 0.119218 0.104327 0.0886462 0.0698567 0.0404745 0.0172722 0.00820724 0.00344749 0.00134766 0.00271159 0.0095312 0.0256349 0.0634483 0.126131 0.193052 0.256038 0.308909 0.355794 0.393199 0.40098 0.385836 0.350925 0.30068 0.279247 0.320265 0.388564 0.397682 0.317174 0.223616 0.172401 0.134634 0.0975919 0.0832471 0.0905052 0.101983 0.105636 0.0970308 0.0848548 0.0945049 0.13541 0.189875 0.219459 0.218233 0.203655 0.205947 0.233208 0.265669 0.292168 0.354867 0.458436 0.542366 0.560279 0.518762 0.483976 0.476154 0.464001 
0.548169 0.543116 0.520262 0.483281 0.421438 0.321427 0.226392 0.167125 0.138487 0.120034 0.103843 0.0863864 0.0622577 0.0377404 0.0213913 0.0128099 0.00607012 0.00287153 0.00498547 0.0167332 0.0445188 0.0905369 0.14528 0.211576 0.289488 0.341859 0.37225 0.400585 0.410065 0.38911 0.342897 0.290017 0.274537 0.313385 0.362778 0.366559 0.310789 0.248232 0.209826 0.16582 0.114936 0.0993139 0.118671 0.147219 0.16454 0.156623 0.133216 0.128335 0.153807 0.19 0.200842 0.188424 0.186833 0.210363 0.240797 0.26658 0.299146 0.376268 0.47607 0.515261 0.4841 0.437081 0.430106 0.466701 0.501089 
0.554923 0.5718 0.556107 0.484514 0.380286 0.278386 0.210016 0.176335 0.158556 0.135939 0.110804 0.0917958 0.0715018 0.0527885 0.0376992 0.0240768 0.0131982 0.00906626 0.0145442 0.0360393 0.0731262 0.11976 0.163244 0.217213 0.292508 0.346326 0.366271 0.383996 0.398715 0.381013 0.342029 0.300325 0.279364 0.282053 0.282319 0.26983 0.254013 0.247984 0.242211 0.20095 0.141786 0.130723 0.167355 0.211039 0.231717 0.210532 0.173242 0.154068 0.16179 0.182053 0.188379 0.177084 0.182573 0.206853 0.22306 0.239023 0.274674 0.349881 0.444101 0.480401 0.451888 0.408904 0.408704 0.466782 0.529052 
0.562865 0.572188 0.543203 0.46073 0.36229 0.278637 0.230362 0.208757 0.185 0.154613 0.129301 0.119134 0.110269 0.0963811 0.0748428 0.0493228 0.0305203 0.0241866 0.0346418 0.0616072 0.0937614 0.139421 0.183379 0.217419 0.263507 0.308149 0.330812 0.353785 0.379324 0.368713 0.344366 0.319057 0.289115 0.24587 0.202216 0.176403 0.176545 0.199118 0.221079 0.203481 0.160076 0.15722 0.199107 0.244157 0.253845 0.212043 0.167972 0.15405 0.16103 0.167042 0.173225 0.175656 0.187149 0.208701 0.220317 0.230352 0.260918 0.319323 0.400543 0.46364 0.471479 0.428848 0.410668 0.462626 0.524449 
0.577433 0.567347 0.524694 0.452533 0.383323 0.328008 0.295886 0.266643 0.21134 0.16614 0.150079 0.159338 0.171975 0.167983 0.135761 0.0926345 0.0628406 0.0537177 0.0661189 0.0901023 0.113883 0.156691 0.193868 0.206162 0.222385 0.250325 0.279284 0.312527 0.338447 0.331105 0.328405 0.328602 0.30311 0.233369 0.155559 0.112218 0.109907 0.136168 0.166201 0.178868 0.174653 0.181964 0.202406 0.221798 0.216507 0.173551 0.143123 0.148507 0.162412 0.158303 0.164219 0.178831 0.198704 0.23291 0.260097 0.265741 0.281796 0.317256 0.383191 0.467078 0.501715 0.460728 0.420984 0.446702 0.491061 
0.61416 0.600427 0.561368 0.496075 0.430704 0.389471 0.37517 0.341356 0.260588 0.19992 0.181164 0.192004 0.21302 0.218074 0.188893 0.141432 0.106279 0.0931083 0.0991871 0.121126 0.146633 0.180722 0.20228 0.209661 0.218496 0.232828 0.253449 0.279435 0.28839 0.276899 0.29064 0.30699 0.286017 0.22104 0.138352 0.0846898 0.0762771 0.0993277 0.125153 0.14988 0.178656 0.199209 0.194531 0.178788 0.160025 0.130972 0.12242 0.143919 0.163037 0.161217 0.167782 0.183068 0.210889 0.268652 0.322975 0.327733 0.325331 0.338261 0.384129 0.456466 0.490636 0.466805 0.432119 0.440945 0.46806 
0.642095 0.638438 0.618909 0.562732 0.490229 0.453604 0.454705 0.427736 0.346992 0.273308 0.22799 0.213949 0.217655 0.219656 0.210726 0.183515 0.154399 0.136892 0.135959 0.160971 0.188743 0.203451 0.208192 0.225291 0.247471 0.258614 0.258234 0.259239 0.245766 0.226248 0.240518 0.256239 0.239553 0.199538 0.137865 0.0833381 0.0683672 0.0860333 0.108073 0.13412 0.173124 0.199742 0.183317 0.147083 0.121051 0.105252 0.111382 0.13732 0.159456 0.16591 0.173328 0.192923 0.238092 0.315868 0.383344 0.38596 0.37292 0.371698 0.387585 0.41864 0.436008 0.435181 0.424697 0.438573 0.461944 
0.650576 0.644907 0.6391 0.601029 0.546322 0.517766 0.514611 0.491053 0.425894 0.34651 0.273042 0.229121 0.207497 0.195528 0.192455 0.187751 0.181344 0.173353 0.175389 0.201882 0.217461 0.20784 0.201963 0.229655 0.270522 0.291405 0.278168 0.249121 0.210677 0.181411 0.190785 0.211724 0.212348 0.188674 0.138309 0.0856135 0.0658142 0.0755565 0.0956772 0.128893 0.174896 0.197942 0.172443 0.133035 0.108057 0.0967027 0.104044 0.125644 0.148406 0.165245 0.18536 0.223953 0.287047 0.365736 0.427412 0.440123 0.431721 0.402916 0.361198 0.338791 0.342114 0.364285 0.375616 0.386456 0.398353 
0.63745 0.617115 0.60858 0.585773 0.567748 0.562278 0.554668 0.531682 0.478848 0.395201 0.304935 0.238876 0.198005 0.171109 0.157218 0.162474 0.179161 0.185052 0.192557 0.215244 0.215599 0.198789 0.196662 0.230108 0.275886 0.301076 0.286762 0.236081 0.175936 0.135798 0.139493 0.169323 0.188044 0.1703 0.124997 0.0800505 0.0599559 0.0649119 0.0874424 0.132192 0.189646 0.211976 0.180814 0.144763 0.123255 0.104098 0.0984645 0.112283 0.136812 0.165106 0.199979 0.245793 0.299896 0.361745 0.421257 0.471614 0.493769 0.4383 0.336981 0.266942 0.248036 0.270708 0.288873 0.288737 0.282529 
0.609182 0.577329 0.559928 0.552064 0.563057 0.570395 0.557738 0.534 0.499106 0.425325 0.331256 0.259485 0.209666 0.171219 0.14645 0.149169 0.171149 0.191634 0.202378 0.205266 0.187973 0.174947 0.1808 0.21098 0.246253 0.265799 0.254261 0.201506 0.139883 0.102135 0.102461 0.125954 0.144343 0.136352 0.109248 0.0757568 0.0545662 0.0595776 0.0916832 0.145793 0.204149 0.222944 0.192775 0.164669 0.151108 0.125869 0.105517 0.112325 0.142515 0.180601 0.211564 0.228155 0.249058 0.295439 0.367186 0.461687 0.524618 0.471636 0.342366 0.23939 0.191437 0.192896 0.207542 0.207885 0.197521 
0.635926 0.602157 0.571487 0.554048 0.550082 0.542877 0.52681 0.50831 0.495258 0.446525 0.368068 0.305161 0.256295 0.212999 0.179126 0.169671 0.183489 0.211699 0.217009 0.194681 0.165188 0.155255 0.164156 0.184016 0.196717 0.197871 0.185048 0.148851 0.11035 0.0880225 0.0844306 0.090174 0.0999435 0.108067 0.101927 0.0748665 0.0514622 0.060889 0.106848 0.164371 0.201406 0.198909 0.168499 0.15118 0.154937 0.150165 0.134797 0.137654 0.166771 0.202225 0.215745 0.20167 0.202958 0.242656 0.320278 0.426318 0.499514 0.464466 0.348658 0.241941 0.178767 0.160429 0.171764 0.179983 0.172454 
0.764446 0.729172 0.676459 0.605415 0.534045 0.497109 0.484645 0.474137 0.470348 0.449157 0.408441 0.368114 0.334323 0.294458 0.242188 0.209465 0.211234 0.230546 0.219629 0.185098 0.155413 0.146447 0.155437 0.171538 0.169307 0.148363 0.122286 0.0995204 0.0891195 0.0879077 0.0809971 0.0669539 0.0650921 0.0814107 0.087537 0.0664269 0.0478647 0.0645221 0.12055 0.170234 0.174617 0.15141 0.122868 0.114596 0.135239 0.164079 0.172041 0.178438 0.210495 0.2442 0.23946 0.205916 0.199422 0.232569 0.302459 0.392572 0.437552 0.400531 0.319689 0.245225 0.189001 0.154825 0.154 0.164198 0.162404 
0.863902 0.840875 0.776192 0.643131 0.501768 0.436034 0.420346 0.404491 0.393705 0.392224 0.39848 0.403535 0.404348 0.378819 0.311311 0.258209 0.249943 0.249262 0.222037 0.187765 0.159097 0.14026 0.140198 0.155986 0.15396 0.125344 0.0924756 0.0761779 0.0772241 0.0843346 0.0746734 0.0515697 0.0418263 0.0546536 0.0629894 0.0511294 0.0454094 0.0734931 0.133702 0.168611 0.153209 0.125411 0.105299 0.10965 0.139464 0.177431 0.197417 0.211449 0.250137 0.284002 0.270633 0.23591 0.232993 0.254487 0.294627 0.345868 0.351026 0.305665 0.260805 0.225535 0.185668 0.143957 0.127416 0.133452 0.137888 
0.837506 0.847784 0.795275 0.641798 0.46857 0.375805 0.343217 0.317524 0.300255 0.308982 0.349889 0.402995 0.440354 0.430737 0.365902 0.312288 0.299315 0.280504 0.246848 0.220586 0.187626 0.14647 0.126265 0.132427 0.129865 0.107216 0.0821415 0.0697328 0.0657046 0.0656686 0.0591089 0.044001 0.0335877 0.039012 0.045494 0.0420049 0.0489478 0.0892514 0.147742 0.170401 0.154518 0.132016 0.124453 0.148301 0.18021 0.195497 0.202227 0.214515 0.245131 0.274513 0.276103 0.269732 0.282012 0.285342 0.283635 0.283467 0.254474 0.209702 0.187925 0.180632 0.169382 0.141603 0.119595 0.12385 0.13622 
0.751442 0.771911 0.747405 0.635671 0.479342 0.370436 0.316115 0.273681 0.246948 0.261518 0.315949 0.381127 0.423871 0.419926 0.375055 0.349488 0.356764 0.346651 0.313972 0.27885 0.229298 0.170801 0.133316 0.127003 0.122197 0.106834 0.0875842 0.0706522 0.0557803 0.0488479 0.0455109 0.0371709 0.0288464 0.0318845 0.0407389 0.0440152 0.056 0.0957342 0.144711 0.165168 0.159187 0.139687 0.141924 0.18738 0.219143 0.205739 0.197577 0.210683 0.232925 0.25357 0.268226 0.287109 0.308379 0.29904 0.271254 0.236854 0.190511 0.14742 0.134364 0.147481 0.167397 0.163191 0.146003 0.150886 0.169495 
0.683861 0.680923 0.680594 0.641682 0.535333 0.422921 0.343604 0.279058 0.244082 0.264051 0.314259 0.350847 0.361327 0.350624 0.329782 0.338115 0.380038 0.407394 0.390635 0.337643 0.268469 0.203697 0.15679 0.14075 0.135102 0.124219 0.105266 0.0831068 0.0643433 0.0554407 0.0473278 0.0315146 0.0198374 0.0225444 0.0371044 0.0519776 0.0679973 0.0952517 0.127323 0.148976 0.155817 0.138044 0.139929 0.194019 0.232853 0.213298 0.201034 0.213747 0.229025 0.242983 0.260951 0.279627 0.288394 0.2691 0.2338 0.198505 0.162952 0.12758 0.11473 0.134434 0.168288 0.182889 0.178155 0.180618 0.197368 
0.658477 0.640382 0.649668 0.653798 0.597841 0.489108 0.383847 0.31162 0.283275 0.308505 0.346465 0.342794 0.311722 0.287437 0.282679 0.302543 0.351385 0.40437 0.412992 0.366832 0.302122 0.241801 0.186475 0.157847 0.146733 0.136429 0.123462 0.109159 0.0943538 0.0849746 0.0660903 0.033583 0.0119397 0.00905447 0.0207723 0.0454997 0.0711233 0.0906698 0.108735 0.132056 0.153681 0.142724 0.137922 0.182444 0.224684 0.214336 0.204913 0.213055 0.217041 0.227478 0.248297 0.255037 0.240501 0.21325 0.183354 0.159606 0.143691 0.126707 0.11767 0.132733 0.163693 0.188089 0.196896 0.194854 0.200268 
0.676422 0.664022 0.663909 0.667256 0.64368 0.543815 0.42092 0.353946 0.34468 0.371563 0.385414 0.348255 0.294031 0.265901 0.274389 0.28734 0.309 0.352882 0.383364 0.365837 0.314498 0.259652 0.205335 0.170526 0.150733 0.137372 0.133541 0.13511 0.126474 0.112876 0.0810568 0.0349239 0.0066878 0.0015146 0.00595623 0.0250993 0.0516968 0.0738562 0.0938765 0.121229 0.149437 0.144395 0.134786 0.163115 0.198716 0.192572 0.181345 0.186861 0.185105 0.189728 0.20768 0.205462 0.179544 0.161384 0.150108 0.13479 0.129559 0.133961 0.140149 0.153267 0.175316 0.193736 0.204755 0.200232 0.193434 
0.711907 0.701792 0.680999 0.677351 0.67112 0.585913 0.468065 0.395449 0.376759 0.388876 0.383528 0.34256 0.296539 0.279675 0.297482 0.296129 0.281723 0.296973 0.334732 0.347792 0.310251 0.253557 0.204597 0.173578 0.147782 0.130207 0.135916 0.157234 0.157962 0.132839 0.0833114 0.030745 0.00411106 9.87511e-05 0.000611883 0.00747496 0.027062 0.0597067 0.0918796 0.114469 0.12856 0.121565 0.112784 0.126496 0.149164 0.148321 0.144426 0.152051 0.148955 0.149098 0.16197 0.156098 0.127494 0.118921 0.123513 0.121156 0.130409 0.15449 0.17537 0.190172 0.204474 0.209822 0.214246 0.211819 0.203564 
0.732553 0.708502 0.668461 0.667581 0.675328 0.611481 0.515301 0.43086 0.378834 0.364868 0.354966 0.336242 0.316547 0.312048 0.329151 0.319343 0.287911 0.279382 0.311967 0.345331 0.321181 0.250464 0.18723 0.151255 0.12567 0.112268 0.125747 0.160729 0.171033 0.137875 0.081224 0.030478 0.00595811 0.000353311 0 0.0011153 0.0146594 0.0544128 0.0931128 0.100942 0.09296 0.0815291 0.0776125 0.0829737 0.0927945 0.100031 0.11795 0.143188 0.15015 0.148241 0.147255 0.128053 0.0939512 0.085596 0.098441 0.115163 0.142533 0.180289 0.209099 0.223767 0.231155 0.233564 0.236585 0.233365 0.222292 
0.720823 0.699832 0.663599 0.655293 0.6483 0.589789 0.520108 0.456241 0.401311 0.369953 0.348442 0.338677 0.334371 0.333342 0.345074 0.341423 0.314544 0.295617 0.317221 0.351913 0.341586 0.267847 0.18478 0.133586 0.109249 0.104319 0.118213 0.146938 0.150844 0.11954 0.079693 0.0412873 0.0151818 0.00315591 0.000104339 0.00080064 0.0142983 0.0538287 0.0837363 0.0787077 0.0618022 0.0484698 0.0450003 0.0468386 0.0536821 0.0696029 0.104691 0.153061 0.179322 0.176276 0.15429 0.115247 0.077524 0.0710078 0.0905351 0.124118 0.165807 0.20705 0.235671 0.248987 0.253265 0.255525 0.251655 0.239014 0.225152 
0.694537 0.697799 0.689525 0.660475 0.607391 0.544939 0.510375 0.49487 0.462907 0.418393 0.374848 0.352238 0.347583 0.34848 0.357997 0.365056 0.347717 0.321771 0.317426 0.332959 0.3467 0.305071 0.216692 0.148597 0.119228 0.113275 0.121584 0.134756 0.122646 0.0970027 0.0787939 0.0567409 0.0307973 0.0114498 0.00252108 0.00339954 0.020301 0.0551216 0.0704837 0.0566037 0.0371063 0.0248174 0.0216461 0.0240397 0.0361996 0.0616716 0.102386 0.152127 0.178801 0.175158 0.14941 0.108339 0.0743326 0.0747428 0.107052 0.156974 0.209736 0.245999 0.265225 0.263104 0.249356 0.240396 0.230671 0.221646 0.223218 
0.685305 0.697772 0.695183 0.639949 0.561261 0.517586 0.513805 0.524386 0.509005 0.46366 0.41639 0.387889 0.377391 0.378615 0.391433 0.402547 0.391715 0.363316 0.332058 0.316244 0.327699 0.312977 0.244288 0.180416 0.145702 0.125009 0.11979 0.120297 0.103288 0.0852501 0.077443 0.0646726 0.0443162 0.0256898 0.012511 0.0117712 0.0302124 0.0609278 0.067189 0.0440271 0.02105 0.0116346 0.011085 0.0160575 0.0323756 0.0615146 0.0992481 0.133746 0.147697 0.150502 0.14067 0.11293 0.0856316 0.091396 0.136684 0.199845 0.251453 0.270507 0.277031 0.2606 0.225272 0.204398 0.199812 0.206549 0.220878 
0.641487 0.649443 0.626737 0.562315 0.509417 0.509206 0.523941 0.530817 0.51848 0.489624 0.461836 0.438964 0.422822 0.415656 0.423997 0.427556 0.417677 0.396188 0.361532 0.315811 0.284283 0.258265 0.217359 0.181034 0.152144 0.120724 0.104418 0.102237 0.0937459 0.0849476 0.0778487 0.0634863 0.0462121 0.0346842 0.0254863 0.0237042 0.0378935 0.0604565 0.064562 0.042296 0.0194203 0.0110664 0.0116842 0.0174472 0.0318687 0.0534553 0.0809924 0.110266 0.130597 0.14567 0.144208 0.121393 0.0991135 0.104751 0.147674 0.209504 0.256305 0.266054 0.265425 0.248987 0.212432 0.187773 0.186072 0.198068 0.20489 
0.582095 0.581769 0.543736 0.491559 0.484015 0.531251 0.561792 0.556146 0.534536 0.513265 0.496281 0.474067 0.44721 0.425201 0.419895 0.40979 0.389458 0.369061 0.345028 0.295606 0.240043 0.199661 0.169259 0.149139 0.131586 0.106933 0.0913541 0.0916945 0.0881831 0.0760894 0.0622683 0.0511441 0.0427599 0.0373869 0.032562 0.0318595 0.0388678 0.0487026 0.0504055 0.0384256 0.0221373 0.0146954 0.0151119 0.0182241 0.0254923 0.036497 0.0565775 0.0949166 0.134893 0.158229 0.153307 0.123338 0.0999331 0.103038 0.135989 0.184379 0.227703 0.247558 0.252709 0.242353 0.212719 0.182713 0.172518 0.176771 0.173831 
0.593899 0.596103 0.555091 0.499467 0.501354 0.568372 0.61945 0.611361 0.561309 0.514729 0.486307 0.457626 0.413048 0.377672 0.362984 0.34582 0.324118 0.311145 0.297928 0.265565 0.228072 0.196312 0.160258 0.126381 0.105399 0.0897531 0.0814217 0.0830226 0.0766482 0.0578409 0.0428443 0.0392822 0.0406513 0.0397442 0.0376612 0.0375382 0.0369188 0.035922 0.033186 0.0264289 0.0170803 0.0127023 0.0139448 0.0149898 0.0169875 0.0226861 0.0398605 0.0809795 0.12482 0.143529 0.140612 0.116487 0.0936623 0.0926514 0.11563 0.151214 0.188288 0.218352 0.238941 0.247186 0.231502 0.193107 0.164611 0.157826 0.154603 
0.698183 0.703932 0.662455 0.589236 0.564478 0.60167 0.645964 0.637506 0.570714 0.503959 0.462731 0.428922 0.373832 0.326959 0.297878 0.273523 0.260531 0.266932 0.269811 0.253753 0.237437 0.219029 0.169133 0.108095 0.0738519 0.0622619 0.064853 0.0757497 0.0753103 0.0612579 0.0489293 0.0446046 0.0431836 0.0411684 0.0394219 0.0345579 0.0278031 0.0248295 0.0224318 0.0166198 0.00998825 0.00816434 0.0102615 0.00901884 0.00727821 0.0105229 0.024893 0.058892 0.0943154 0.110599 0.118127 0.107819 0.090448 0.0903084 0.10831 0.134747 0.159505 0.181611 0.205618 0.235901 0.252327 0.225782 0.185455 0.167677 0.162607 
0.801254 0.790994 0.754552 0.687407 0.636777 0.614595 0.611654 0.587528 0.539003 0.502393 0.47311 0.437595 0.37803 0.315579 0.267487 0.235812 0.218902 0.22337 0.230759 0.226761 0.226219 0.2154 0.156737 0.0820466 0.0446841 0.0372506 0.0480394 0.0750311 0.0932326 0.0898968 0.0763663 0.0651608 0.0548804 0.0452699 0.0333294 0.018757 0.0113843 0.0111971 0.0111127 0.00784686 0.00466889 0.00425806 0.00578418 0.00471905 0.00315442 0.00566498 0.0177538 0.0421471 0.0665078 0.0874288 0.108516 0.113476 0.108378 0.116098 0.132841 0.150267 0.158553 0.156925 0.1659 0.202181 0.244787 0.251109 0.225401 0.20347 0.195999 
0.830233 0.792282 0.757283 0.715738 0.669769 0.622589 0.578762 0.534385 0.514755 0.521722 0.510057 0.466167 0.394076 0.324133 0.279142 0.246161 0.210617 0.190125 0.182318 0.176794 0.182351 0.178641 0.129167 0.0634194 0.0308841 0.026399 0.0409195 0.0797531 0.113665 0.11568 0.0996343 0.0857883 0.0705172 0.0494844 0.0232085 0.00573564 0.00157599 0.00221879 0.00360144 0.00313174 0.00238132 0.00264261 0.00390943 0.00438857 0.00430829 0.0078266 0.0196857 0.0352408 0.0516483 0.0807821 0.115261 0.134681 0.144211 0.162336 0.178297 0.184142 0.174615 0.151858 0.143365 0.167381 0.209465 0.241676 0.250986 0.24652 0.25051 
0.812797 0.753065 0.704871 0.676824 0.659062 0.646635 0.613122 0.563544 0.555139 0.575166 0.559451 0.492893 0.407093 0.347439 0.321034 0.286835 0.235475 0.194999 0.165367 0.13861 0.133838 0.136505 0.109687 0.0680001 0.0416953 0.0362134 0.0491047 0.0852247 0.117256 0.12113 0.111906 0.0995397 0.0782118 0.0476776 0.0163736 0.00211352 9.2852e-05 0.000417145 0.00246621 0.00392212 0.00510729 0.00686482 0.00892841 0.00973256 0.0102022 0.0147151 0.0241552 0.0315205 0.0452615 0.0819794 0.127602 0.159224 0.173949 0.186021 0.189289 0.187594 0.180687 0.159611 0.145433 0.156922 0.186795 0.224722 0.25648 0.276594 0.298698 
0.803773 0.736545 0.678129 0.66307 0.682112 0.710613 0.705481 0.665553 0.646867 0.633228 0.584027 0.496906 0.413544 0.367621 0.347463 0.307736 0.25692 0.219223 0.181329 0.13522 0.115274 0.117439 0.112962 0.101339 0.0895112 0.0839762 0.0876048 0.10637 0.122561 0.122216 0.115226 0.100429 0.0745929 0.0445935 0.0158709 0.00286519 0.000639194 0.00193785 0.00619062 0.00844258 0.0117541 0.0176651 0.0239438 0.027993 0.0282538 0.030057 0.036442 0.0428381 0.0571931 0.0919266 0.13887 0.178725 0.192232 0.185842 0.169687 0.161408 0.165593 0.163097 0.160616 0.173576 0.197969 0.233532 0.270817 0.31026 0.351828 
0.825593 0.759414 0.695327 0.698727 0.757809 0.810084 0.81541 0.783153 0.744548 0.67285 0.572166 0.470653 0.400447 0.366828 0.339067 0.289222 0.25018 0.235745 0.207471 0.153604 0.120979 0.116741 0.126607 0.143318 0.157222 0.161177 0.155388 0.157013 0.159069 0.145699 0.124742 0.098266 0.069432 0.0446123 0.0198014 0.00643927 0.00445798 0.0101265 0.0173429 0.0154989 0.0159386 0.0252149 0.0389268 0.0531348 0.0591008 0.0607819 0.0712319 0.0850077 0.098691 0.120518 0.154874 0.186053 0.190216 0.175028 0.156779 0.144146 0.142853 0.149667 0.169043 0.208266 0.247355 0.281142 0.313855 0.362771 0.419163 
0.847224 0.786455 0.731406 0.749253 0.814836 0.871384 0.892968 0.868776 0.806061 0.68819 0.546694 0.43946 0.385062 0.356931 0.312996 0.254897 0.228393 0.228945 0.20507 0.154301 0.121619 0.11594 0.13363 0.166377 0.198428 0.212077 0.20331 0.198674 0.197042 0.173598 0.137608 0.101165 0.0724481 0.0520097 0.0297644 0.0157089 0.0143185 0.0224527 0.0289826 0.0239388 0.0219278 0.0335105 0.0514785 0.0716983 0.0907825 0.105428 0.121449 0.135867 0.143119 0.147107 0.155468 0.160311 0.152309 0.145897 0.145763 0.137585 0.126798 0.136379 0.175982 0.244003 0.301996 0.333838 0.350409 0.382361 0.431526 
0.847401 0.809175 0.776788 0.796067 0.839448 0.88858 0.937479 0.931841 0.839944 0.691242 0.54284 0.448326 0.405698 0.369989 0.314762 0.259143 0.235353 0.226587 0.191596 0.147681 0.126912 0.129653 0.153177 0.181502 0.207429 0.222819 0.219364 0.213534 0.20883 0.188654 0.150927 0.109891 0.0822114 0.0650576 0.0461646 0.0333292 0.0317728 0.0367905 0.0399517 0.0389391 0.0433868 0.0603989 0.0785007 0.096459 0.125151 0.15473 0.163532 0.160852 0.152935 0.138056 0.124421 0.113518 0.103235 0.105423 0.116744 0.119104 0.115806 0.137338 0.19398 0.26794 0.326535 0.365082 0.374587 0.374109 0.389942 
0.85805 0.839691 0.820866 0.830302 0.864209 0.9135 0.963961 0.964247 0.860599 0.705017 0.570349 0.498482 0.476001 0.436605 0.3736 0.324913 0.303198 0.278574 0.222724 0.167265 0.147024 0.161666 0.196051 0.214931 0.219491 0.220214 0.215071 0.203766 0.190366 0.182048 0.163668 0.129624 0.0993654 0.0834616 0.071452 0.0645692 0.0668201 0.0739554 0.076639 0.0803784 0.0937734 0.109875 0.119108 0.134016 0.16334 0.188619 0.181022 0.164859 0.146794 0.120961 0.0989665 0.0866878 0.0767389 0.0766325 0.0843201 0.0924862 0.105707 0.147061 0.217794 0.28403 0.336011 0.384898 0.39588 0.369224 0.348892 
0.883581 0.855143 0.831984 0.836574 0.880241 0.931367 0.950841 0.930126 0.841337 0.7128 0.597975 0.552809 0.566162 0.542421 0.472043 0.420938 0.396378 0.355512 0.284909 0.212121 0.180571 0.200106 0.240606 0.252245 0.234041 0.207171 0.183129 0.169318 0.165512 0.176789 0.184702 0.168692 0.138978 0.121547 0.115044 0.115504 0.125592 0.143658 0.151387 0.151806 0.159183 0.162912 0.157807 0.165959 0.184392 0.19011 0.169833 0.153154 0.142764 0.12164 0.0976303 0.0861421 0.074811 0.0651962 0.0626675 0.0691726 0.0919542 0.15004 0.22798 0.282294 0.326313 0.373081 0.386609 0.364747 0.338388 
0.849619 0.820476 0.803625 0.812168 0.868802 0.924962 0.921026 0.876628 0.801501 0.698277 0.602302 0.58076 0.617805 0.612527 0.555552 0.510592 0.46622 0.400658 0.332098 0.267751 0.234959 0.247713 0.273202 0.268018 0.233009 0.188562 0.149928 0.140554 0.163958 0.198361 0.214362 0.208108 0.191957 0.182109 0.180641 0.182234 0.196594 0.225881 0.234403 0.214167 0.200431 0.198025 0.190345 0.188671 0.188245 0.17866 0.155706 0.134833 0.131281 0.12809 0.111568 0.100151 0.0895924 0.0745058 0.0629002 0.0620557 0.0823597 0.142441 0.218413 0.262228 0.293412 0.333589 0.361697 0.367554 0.359155 
0.782412 0.771736 0.771676 0.788684 0.852186 0.90772 0.900323 0.856342 0.79172 0.699328 0.617637 0.598256 0.623806 0.631917 0.612869 0.58558 0.521075 0.437686 0.38015 0.341018 0.317958 0.308819 0.29634 0.272845 0.233804 0.185353 0.142292 0.137837 0.180332 0.224696 0.236979 0.238237 0.241502 0.243786 0.244117 0.244461 0.2636 0.302703 0.309055 0.267616 0.231453 0.216199 0.201513 0.188717 0.178454 0.175588 0.164237 0.137251 0.129463 0.138782 0.134905 0.126131 0.120078 0.108278 0.0944784 0.0858317 0.0948372 0.135869 0.189096 0.223631 0.24836 0.289181 0.337853 0.372765 0.386547 
0.743062 0.733738 0.724789 0.736868 0.801177 0.871457 0.893591 0.860296 0.787367 0.698734 0.631816 0.608538 0.622896 0.657914 0.687907 0.680742 0.621731 0.547265 0.498368 0.468838 0.440047 0.393859 0.340558 0.299272 0.24566 0.185196 0.139128 0.137023 0.183228 0.232036 0.258903 0.285856 0.302072 0.30373 0.308872 0.324983 0.357182 0.399002 0.398093 0.341976 0.281987 0.236058 0.201437 0.183615 0.179355 0.189966 0.191938 0.164576 0.149791 0.158702 0.161743 0.163506 0.167621 0.162237 0.151311 0.136129 0.120735 0.1214 0.144727 0.184598 0.223426 0.269398 0.322974 0.369864 0.400896 
0.728423 0.696504 0.651288 0.6483 0.714909 0.812788 0.875205 0.850971 0.755405 0.662114 0.607929 0.588335 0.615674 0.699164 0.786994 0.815537 0.793887 0.751657 0.699829 0.647275 0.579139 0.490927 0.412737 0.346875 0.264656 0.19228 0.147895 0.145818 0.186561 0.244355 0.300023 0.353915 0.377522 0.384111 0.404957 0.43717 0.474475 0.504891 0.480353 0.399822 0.31757 0.252827 0.212099 0.201382 0.20364 0.211947 0.223388 0.209842 0.190286 0.185199 0.182812 0.193731 0.204831 0.19904 0.183551 0.162397 0.129237 0.103541 0.112237 0.159326 0.213223 0.263214 0.320915 0.37895 0.420969 
0.70376 0.652742 0.594795 0.587839 0.641848 0.728305 0.800578 0.798819 0.70872 0.619915 0.581953 0.575192 0.616663 0.731249 0.853127 0.913698 0.938144 0.924137 0.85751 0.783733 0.685759 0.567392 0.477058 0.390162 0.288476 0.218577 0.188418 0.192713 0.228971 0.294585 0.374917 0.439763 0.466442 0.486755 0.519048 0.550552 0.571084 0.56389 0.50092 0.395042 0.304855 0.248035 0.224813 0.237216 0.250446 0.253711 0.273872 0.274037 0.240877 0.205762 0.183624 0.18981 0.199877 0.186023 0.163482 0.148936 0.124774 0.101017 0.104108 0.142605 0.196987 0.257701 0.33241 0.396059 0.429917 
0.638071 0.605124 0.583276 0.595591 0.622414 0.647638 0.692184 0.7182 0.667096 0.608312 0.597546 0.60254 0.628607 0.728519 0.862991 0.947019 0.987758 0.969365 0.889959 0.819234 0.720618 0.591635 0.489672 0.392245 0.29476 0.247812 0.250665 0.273517 0.310567 0.379116 0.468545 0.535943 0.574802 0.600429 0.620576 0.638263 0.631914 0.579035 0.493474 0.387254 0.298923 0.255794 0.256027 0.29085 0.318914 0.319153 0.33249 0.328847 0.282501 0.221629 0.172647 0.156858 0.157405 0.14415 0.130371 0.13572 0.130636 0.114402 0.113175 0.134958 0.17453 0.231425 0.307527 0.362992 0.383593 
0.533661 0.536222 0.559122 0.598332 0.61348 0.591856 0.60919 0.656695 0.653964 0.633692 0.644128 0.655058 0.656895 0.715453 0.846388 0.960378 1 0.9495 0.852716 0.781395 0.691743 0.571499 0.467358 0.381371 0.314307 0.297617 0.322967 0.360122 0.408508 0.474773 0.544332 0.603473 0.654296 0.673305 0.67037 0.679607 0.675359 0.615267 0.525476 0.423714 0.338125 0.310833 0.333928 0.371874 0.39282 0.374218 0.360735 0.346867 0.306972 0.246188 0.181656 0.139564 0.120515 0.109706 0.10908 0.131058 0.142601 0.133795 0.130711 0.135228 0.150483 0.187383 0.246438 0.298462 0.326527 
0.439316 0.45792 0.491236 0.535143 0.56032 0.546774 0.568528 0.635291 0.670636 0.670959 0.671592 0.678351 0.680079 0.709993 0.817648 0.950793 0.993094 0.911892 0.792849 0.709283 0.637319 0.557453 0.477656 0.412698 0.381861 0.394787 0.421577 0.452129 0.503664 0.557346 0.595657 0.645802 0.694705 0.702302 0.692266 0.706105 0.724743 0.683488 0.580456 0.467787 0.390834 0.386 0.42983 0.456651 0.452172 0.411062 0.373069 0.349597 0.318209 0.26748 0.20487 0.148838 0.111089 0.0953433 0.0962088 0.117798 0.134427 0.133126 0.135048 0.133696 0.132935 0.153155 0.195405 0.248938 0.294338 
0.381271 0.403993 0.436207 0.468116 0.494565 0.508486 0.556597 0.634424 0.677583 0.679084 0.664124 0.669019 0.685298 0.706948 0.785896 0.915782 0.965248 0.870635 0.729798 0.642199 0.60231 0.573589 0.525491 0.471365 0.461497 0.497348 0.521551 0.534324 0.571303 0.603054 0.626849 0.683498 0.726615 0.721931 0.719877 0.748667 0.788136 0.752038 0.617496 0.484128 0.419936 0.43664 0.491421 0.509146 0.492626 0.446437 0.395081 0.359413 0.322994 0.276579 0.22089 0.162509 0.115693 0.0950743 0.0902427 0.100823 0.110993 0.111003 0.118349 0.12407 0.12626 0.143457 0.175676 0.224935 0.277348 
