terrain
33 33
0.571891 0.559257 0.491348 0.409704 0.3444 0.317803 0.310581 0.26876 0.17213 0.0936269 0.0619298 0.0569148 0.0636277 0.104707 0.20054 0.313297 0.364273 0.334523 0.286556 0.264266 0.256672 0.244183 0.229552 0.213274 0.19197 0.205408 0.276493 0.355217 0.411091 0.417769 0.401645 0.420793 0.453815 
0.527679 0.514461 0.460163 0.392147 0.339638 0.329154 0.328729 0.273808 0.172162 0.102142 0.0719028 0.0587308 0.062038 0.109326 0.21485 0.334219 0.380597 0.340379 0.283604 0.267253 0.273224 0.26381 0.243887 0.227917 0.221627 0.258235 0.355674 0.452734 0.503439 0.487787 0.454288 0.443009 0.447624 
0.544274 0.518461 0.456064 0.389823 0.35715 0.361335 0.353884 0.278515 0.169829 0.107908 0.0870315 0.078807 0.0905488 0.153403 0.264918 0.376537 0.399897 0.33449 0.277292 0.278286 0.302387 0.30399 0.276811 0.249924 0.256029 0.319648 0.430045 0.528098 0.571385 0.554187 0.533562 0.520738 0.514854 
0.689857 0.628107 0.514254 0.411892 0.367264 0.360926 0.348369 0.284071 0.189984 0.133638 0.120931 0.128048 0.156505 0.232438 0.336824 0.420173 0.414436 0.321196 0.254921 0.266083 0.306999 0.315643 0.282345 0.255711 0.277618 0.357681 0.465809 0.564053 0.616492 0.629289 0.639901 0.630301 0.62035 
0.847655 0.745264 0.572747 0.422162 0.342657 0.314869 0.314629 0.299707 0.249946 0.196629 0.172182 0.179694 0.206052 0.262624 0.338859 0.396608 0.389814 0.297366 0.226849 0.23749 0.277041 0.270218 0.227503 0.210249 0.254564 0.356928 0.466594 0.570545 0.655596 0.708801 0.738491 0.714745 0.6863 
0.859395 0.754007 0.579868 0.429907 0.335492 0.279959 0.267357 0.281143 0.288533 0.263941 0.223617 0.202381 0.199337 0.222687 0.272867 0.32894 0.354326 0.294123 0.227397 0.223702 0.236519 0.210685 0.167786 0.160291 0.215756 0.330004 0.438502 0.534658 0.650556 0.747753 0.788378 0.741646 0.679096 
0.84582 0.738188 0.58378 0.473068 0.397839 0.308689 0.243295 0.232297 0.263789 0.293938 0.273345 0.225313 0.198539 0.203283 0.232334 0.28615 0.343122 0.325252 0.265516 0.235601 0.218661 0.18757 0.150333 0.149665 0.203519 0.304724 0.40288 0.492517 0.624024 0.74505 0.793929 0.750108 0.682188 
0.92427 0.766747 0.61015 0.541458 0.50155 0.38905 0.261217 0.208542 0.230959 0.298274 0.324855 0.277586 0.243014 0.233488 0.235363 0.272594 0.335544 0.342407 0.290125 0.234409 0.199968 0.17443 0.149128 0.162741 0.22473 0.304071 0.373791 0.45809 0.600763 0.734567 0.786875 0.758235 0.709308 
1 0.797984 0.635653 0.592716 0.574941 0.454698 0.289413 0.213402 0.230889 0.317017 0.379555 0.34874 0.31509 0.290976 0.271904 0.284065 0.311584 0.300537 0.256331 0.205162 0.172788 0.155696 0.146757 0.179629 0.260594 0.323864 0.356925 0.417094 0.546509 0.676037 0.718691 0.684165 0.642874 
0.940673 0.766299 0.631046 0.607191 0.604631 0.501324 0.334006 0.245233 0.257653 0.344275 0.417426 0.410467 0.393922 0.373211 0.346903 0.325208 0.29505 0.243221 0.195635 0.161175 0.138507 0.131241 0.139817 0.183965 0.267403 0.31786 0.330151 0.355732 0.429335 0.506853 0.51944 0.476704 0.438511 
0.768994 0.678788 0.613525 0.621748 0.631647 0.555827 0.415773 0.321638 0.311316 0.360116 0.418899 0.436316 0.435229 0.42183 0.387715 0.336948 0.271821 0.193885 0.13573 0.10339 0.0892361 0.0990808 0.12545 0.168262 0.229084 0.264605 0.274424 0.280005 0.296863 0.320445 0.323909 0.304219 0.277974 
0.641133 0.61512 0.593979 0.608195 0.607944 0.560574 0.477467 0.408013 0.389751 0.403566 0.428518 0.431599 0.407278 0.381656 0.339708 0.28137 0.213938 0.138247 0.0858109 0.0602363 0.0561196 0.0790298 0.120021 0.157057 0.188697 0.21089 0.214684 0.198864 0.181838 0.190428 0.214286 0.224501 0.21015 
0.613759 0.604107 0.591353 0.581111 0.542402 0.508114 0.485084 0.457812 0.450976 0.455305 0.437807 0.394644 0.335837 0.292672 0.258032 0.225615 0.176603 0.11192 0.0657145 0.0464946 0.0501856 0.0804526 0.128017 0.153298 0.151984 0.155373 0.154572 0.133788 0.11103 0.119425 0.151277 0.172307 0.168047 
0.653917 0.625572 0.593116 0.558925 0.516672 0.505234 0.501235 0.466764 0.447182 0.448088 0.408451 0.340311 0.278243 0.232324 0.208759 0.209128 0.187452 0.13277 0.0783326 0.050784 0.0528017 0.0824222 0.123399 0.129956 0.104107 0.0917677 0.0957538 0.0925345 0.0784792 0.0830678 0.102558 0.115866 0.115925 
0.755979 0.678388 0.597066 0.566076 0.582477 0.609494 0.58502 0.499725 0.439672 0.424253 0.385427 0.324658 0.270158 0.216559 0.19531 0.214861 0.207773 0.1551 0.0928172 0.0565528 0.0506797 0.0647934 0.0878664 0.0871225 0.0645121 0.0532357 0.056876 0.0584721 0.0512592 0.052598 0.0602039 0.0635974 0.0622212 
0.856404 0.731243 0.628345 0.633577 0.718819 0.771827 0.717607 0.590066 0.488332 0.435011 0.383678 0.337998 0.287699 0.22079 0.199835 0.226887 0.214701 0.15426 0.0983148 0.0674368 0.0522412 0.0458989 0.0518807 0.0497355 0.0362304 0.0302067 0.0271123 0.0206943 0.01732 0.0206475 0.0265799 0.0304134 0.0332757 
0.844326 0.732999 0.6538 0.683477 0.804327 0.882097 0.815592 0.671157 0.550645 0.466853 0.391862 0.342752 0.297159 0.24043 0.229448 0.249404 0.219992 0.156813 0.112331 0.0837726 0.0534267 0.0347953 0.0354964 0.033007 0.0210038 0.0148255 0.00823958 0.00153392 0.000674125 0.00426385 0.014958 0.0264768 0.0368071 
0.746157 0.688839 0.632392 0.638733 0.744661 0.847752 0.810276 0.686151 0.569092 0.480656 0.396141 0.328754 0.288758 0.266928 0.2641 0.247451 0.19333 0.144775 0.118943 0.0918214 0.0559008 0.0382841 0.0386946 0.0339305 0.0204223 0.0118115 0.00419856 2.14412e-05 0 0.00558953 0.0329128 0.0631166 0.0830832 
0.674227 0.639896 0.593346 0.574707 0.637311 0.731959 0.735193 0.662232 0.565182 0.469133 0.379363 0.303627 0.265166 0.265383 0.258862 0.212844 0.15515 0.133031 0.126149 0.100863 0.068543 0.052942 0.0482198 0.0407185 0.025885 0.0131219 0.00518967 0.00145879 0.00365175 0.027495 0.0902751 0.144745 0.168773 
0.62237 0.596134 0.573752 0.544428 0.541544 0.579257 0.606448 0.60684 0.558427 0.469314 0.383744 0.299796 0.244264 0.2392 0.229735 0.187891 0.145281 0.141351 0.142145 0.111858 0.0782349 0.0536572 0.0410153 0.0366171 0.0247022 0.0124832 0.00878238 0.0125275 0.0300709 0.0870431 0.172911 0.222746 0.232872 
0.61583 0.593488 0.579874 0.52801 0.455187 0.427046 0.457486 0.507494 0.521386 0.486125 0.426995 0.324352 0.234277 0.210663 0.20458 0.179454 0.151272 0.148562 0.140981 0.103366 0.06949 0.0433315 0.0332156 0.034546 0.0276202 0.0195132 0.021482 0.0407798 0.0862387 0.169345 0.243284 0.266347 0.262466 
0.67536 0.632282 0.583884 0.501052 0.390664 0.329362 0.350016 0.399837 0.44098 0.461745 0.444682 0.345127 0.224854 0.175263 0.174737 0.168413 0.146319 0.136718 0.125391 0.0946087 0.0694272 0.0515898 0.0502592 0.0592016 0.055277 0.0460717 0.0519942 0.0899584 0.160813 0.249704 0.305422 0.321314 0.325561 
0.692987 0.620314 0.533324 0.447589 0.352641 0.300652 0.318625 0.341812 0.359705 0.397308 0.421103 0.352907 0.228526 0.157421 0.153462 0.156609 0.13538 0.122456 0.115032 0.097845 0.0872765 0.0812645 0.0894439 0.105552 0.0970943 0.0780842 0.0881741 0.149135 0.239145 0.320285 0.36531 0.386643 0.40373 
0.636035 0.556468 0.458731 0.399711 0.361616 0.34053 0.351745 0.345251 0.337665 0.37968 0.416055 0.359737 0.248282 0.171271 0.161133 0.169554 0.154833 0.133908 0.110963 0.092682 0.0965175 0.10575 0.116145 0.131765 0.123019 0.106555 0.128564 0.208042 0.305069 0.371219 0.407156 0.435289 0.459733 
0.556816 0.498397 0.412562 0.370226 0.374999 0.380833 0.381121 0.356259 0.343042 0.388356 0.413505 0.354419 0.262235 0.193322 0.180164 0.1913 0.180592 0.145486 0.100689 0.0727955 0.0781991 0.0971415 0.113266 0.135878 0.146355 0.148595 0.188647 0.280488 0.370043 0.413531 0.441529 0.476117 0.499043 
0.511356 0.464262 0.403701 0.367332 0.35993 0.355968 0.357504 0.341163 0.33281 0.366191 0.374745 0.321799 0.25275 0.200638 0.181848 0.182898 0.172013 0.143121 0.102849 0.0724499 0.0687866 0.0814274 0.10274 0.139143 0.174625 0.193772 0.24407 0.33041 0.392961 0.418264 0.450467 0.486388 0.493351 
0.492264 0.449788 0.413994 0.368602 0.311423 0.273584 0.270329 0.265956 0.26513 0.289824 0.301542 0.270493 0.227408 0.198839 0.177143 0.161016 0.151286 0.135105 0.106654 0.0842732 0.0779846 0.083317 0.103604 0.145577 0.189194 0.206378 0.250428 0.328284 0.379234 0.40541 0.449948 0.495424 0.501865 
0.466913 0.438706 0.406617 0.341229 0.258555 0.202195 0.178764 0.166638 0.165545 0.186336 0.217452 0.23095 0.221926 0.206933 0.186951 0.165978 0.153182 0.126326 0.0950847 0.0796701 0.0797408 0.0957339 0.121665 0.157544 0.188932 0.198571 0.23869 0.320454 0.386341 0.433691 0.495663 0.554782 0.571865 
0.458471 0.412291 0.356056 0.297764 0.240055 0.184944 0.142337 0.118338 0.108328 0.116856 0.15314 0.203327 0.2316 0.226456 0.213529 0.204655 0.186236 0.136318 0.095794 0.0783512 0.0779517 0.100834 0.130743 0.159671 0.18444 0.204327 0.255651 0.336876 0.405398 0.466338 0.541683 0.6043 0.621748 
0.445183 0.362617 0.294955 0.27205 0.256546 0.211525 0.155066 0.122744 0.107449 0.106751 0.131762 0.172793 0.208808 0.224618 0.237186 0.257826 0.244466 0.18122 0.132079 0.105894 0.0916174 0.0943415 0.11409 0.150816 0.186223 0.216696 0.267018 0.326243 0.370992 0.418442 0.485801 0.544042 0.562515 
0.419664 0.33562 0.286344 0.292075 0.301172 0.269852 0.210627 0.16765 0.144508 0.137829 0.149345 0.163419 0.181609 0.198249 0.217746 0.249446 0.256004 0.226842 0.197416 0.15722 0.106252 0.0732795 0.07809 0.12049 0.164607 0.189527 0.218157 0.260112 0.29105 0.309921 0.35339 0.418397 0.461118 
0.402133 0.342747 0.306842 0.31011 0.327528 0.325895 0.290383 0.240118 0.200174 0.183021 0.180198 0.171787 0.168205 0.173627 0.186806 0.20271 0.217766 0.236263 0.243267 0.187141 0.0960552 0.0451859 0.0441303 0.0781404 0.110892 0.123905 0.14219 0.184639 0.218444 0.230283 0.265168 0.335814 0.403727 
0.429638 0.369718 0.308961 0.285919 0.308572 0.339947 0.332995 0.281073 0.22856 0.210589 0.203257 0.177068 0.157822 0.162463 0.179209 0.187917 0.204908 0.239321 0.256868 0.189677 0.080604 0.0288502 0.028022 0.0531987 0.0707769 0.0756068 0.0901422 0.127224 0.15903 0.184948 0.239905 0.322827 0.406725 
