terrain
65 65
0.12437 0.141676 0.167821 0.191288 0.232385 0.299716 0.36764 0.416056 0.430733 0.420465 0.404329 0.378635 0.367664 0.390099 0.441731 0.479443 0.466745 0.409858 0.348705 0.300692 0.253833 0.188629 0.115519 0.0648245 0.035702 0.027107 0.0345526 0.0402321 0.0317995 0.0168986 0.00919136 0.0120269 0.0255946 0.0397271 0.0322858 0.0147213 0.00655089 0.0051935 0.00707389 0.0133127 0.0241105 0.0402442 0.0489674 0.03844 0.0328896 0.0501416 0.0836135 0.117416 0.164021 0.215499 0.227772 0.207472 0.195134 0.207021 0.209905 0.19502 0.180568 0.190492 0.229405 0.275863 0.315127 0.328387 0.286046 0.226387 0.191279 
0.101986 0.121634 0.155747 0.190901 0.231011 0.278727 0.333159 0.379965 0.39194 0.386485 0.382543 0.371053 0.367561 0.384697 0.415793 0.44502 0.455283 0.429778 0.385851 0.33967 0.279286 0.194511 0.114718 0.0656831 0.0395638 0.0350902 0.0449857 0.0478699 0.0371975 0.021349 0.0104413 0.0104216 0.0209646 0.03344 0.0292097 0.0149337 0.00839392 0.00873793 0.0112419 0.0164649 0.0274389 0.0450287 0.0530403 0.0406685 0.0358595 0.0567452 0.0914642 0.119007 0.155255 0.198143 0.202921 0.180123 0.169375 0.182602 0.195877 0.202726 0.206037 0.216412 0.248682 0.282438 0.312303 0.33221 0.31602 0.273507 0.237562 
0.0877909 0.114283 0.155703 0.201941 0.242959 0.271088 0.310374 0.352123 0.367537 0.367831 0.360119 0.346006 0.34654 0.371713 0.399439 0.420912 0.435922 0.426151 0.393929 0.349462 0.285323 0.196732 0.118167 0.0744072 0.0523528 0.0473719 0.0504966 0.0456048 0.0335687 0.0193042 0.00779437 0.00533648 0.0112132 0.0221037 0.0219049 0.0116771 0.00803558 0.0118902 0.017239 0.023165 0.0345689 0.049023 0.05103 0.0402305 0.041613 0.0662291 0.0976117 0.119753 0.148731 0.18051 0.179103 0.153142 0.138619 0.154326 0.187503 0.225195 0.249459 0.259917 0.285085 0.307297 0.323477 0.338855 0.342564 0.322866 0.29346 
0.0946498 0.128899 0.177192 0.224655 0.253313 0.263469 0.293217 0.335821 0.366498 0.380406 0.373457 0.354418 0.352274 0.381757 0.408074 0.414729 0.41048 0.390687 0.356707 0.316332 0.26896 0.20097 0.129583 0.0858246 0.0658127 0.0568218 0.0484485 0.0371761 0.0260338 0.0153957 0.00622987 0.00320872 0.00619894 0.0159368 0.0190363 0.0117282 0.00903851 0.0132364 0.0185546 0.0238217 0.0333289 0.042817 0.0427931 0.0393459 0.0485322 0.0721232 0.0959405 0.116385 0.143119 0.160736 0.150729 0.12421 0.112267 0.13468 0.18358 0.244455 0.286314 0.302987 0.32676 0.342484 0.343268 0.339595 0.346184 0.354931 0.351156 
0.112188 0.147014 0.196297 0.241374 0.261457 0.264842 0.286959 0.330277 0.373643 0.398701 0.408501 0.404707 0.397137 0.405613 0.412571 0.406335 0.381562 0.343403 0.307977 0.277933 0.249219 0.208583 0.153509 0.104432 0.078618 0.0656157 0.0499857 0.0375768 0.0307609 0.0231469 0.0131283 0.00781934 0.0092789 0.017555 0.0210976 0.0171076 0.015188 0.0161459 0.0164121 0.0189556 0.0253916 0.0320383 0.0374177 0.0436352 0.0572072 0.0777428 0.0959394 0.115257 0.142481 0.154305 0.136622 0.108544 0.100835 0.123698 0.168488 0.233681 0.293434 0.329368 0.356757 0.362819 0.34737 0.32528 0.329644 0.361794 0.385357 
0.126857 0.153201 0.194153 0.238789 0.270314 0.286011 0.305296 0.344927 0.393695 0.424454 0.449312 0.462932 0.446476 0.420407 0.400508 0.39477 0.370815 0.320253 0.279792 0.25439 0.227194 0.205352 0.182796 0.141413 0.106687 0.0856134 0.0620127 0.0488446 0.049071 0.0440744 0.0304635 0.0211851 0.0191581 0.0235924 0.0260107 0.0262379 0.0259922 0.0237591 0.0197222 0.0195406 0.0224514 0.0279766 0.0390964 0.0512393 0.0664437 0.0880594 0.104752 0.12321 0.15156 0.163147 0.13914 0.109114 0.101608 0.116964 0.147021 0.203378 0.277652 0.33912 0.370758 0.370221 0.352211 0.324638 0.318433 0.346421 0.376224 
0.127865 0.145788 0.180703 0.22621 0.265099 0.29032 0.314691 0.357185 0.410694 0.445618 0.48007 0.502158 0.483293 0.439914 0.401221 0.395767 0.385736 0.336814 0.288819 0.256029 0.218802 0.202985 0.203939 0.178311 0.139209 0.107715 0.0788657 0.0674141 0.0709931 0.062901 0.0441402 0.0317029 0.0274603 0.030491 0.0352671 0.0398667 0.0416213 0.0395571 0.0346022 0.0298596 0.0257549 0.0283201 0.0397644 0.0496859 0.0637709 0.0860114 0.101052 0.117587 0.141487 0.148524 0.129102 0.110585 0.105994 0.112282 0.126874 0.167713 0.245005 0.321052 0.349718 0.349041 0.342579 0.31835 0.303859 0.326691 0.361229 
0.127153 0.140138 0.173015 0.217864 0.251439 0.278418 0.309709 0.345952 0.38667 0.424682 0.473082 0.50534 0.498581 0.467459 0.429438 0.419436 0.417376 0.379371 0.326879 0.280927 0.23656 0.220519 0.22041 0.197764 0.156641 0.120336 0.0968123 0.0915038 0.0891255 0.0692975 0.0449471 0.0318 0.0297036 0.0355707 0.0445832 0.0528968 0.0594274 0.0631746 0.0586646 0.0439609 0.0286523 0.0262654 0.0346937 0.0411889 0.0510317 0.066153 0.0745315 0.0846145 0.0973285 0.0993641 0.0984465 0.106533 0.112494 0.112448 0.114138 0.140985 0.207292 0.273124 0.294779 0.301125 0.305363 0.288494 0.287122 0.326723 0.371109 
0.144406 0.151892 0.179191 0.221282 0.255395 0.27899 0.29541 0.303806 0.320423 0.368267 0.440184 0.484044 0.494237 0.489687 0.470561 0.459424 0.456692 0.430411 0.379732 0.3204 0.271127 0.254632 0.249896 0.227618 0.183427 0.140406 0.119267 0.11474 0.102726 0.0751195 0.0488444 0.0342931 0.0321739 0.0394004 0.0517889 0.0643319 0.0752724 0.0830591 0.0763715 0.0544843 0.0342725 0.0287374 0.0337502 0.0393603 0.0445556 0.0485619 0.0482857 0.0521965 0.0576266 0.060925 0.0755001 0.103249 0.118422 0.110917 0.102617 0.126708 0.184758 0.230516 0.244972 0.257659 0.272172 0.273668 0.293972 0.349777 0.397732 
0.178223 0.181634 0.200712 0.241143 0.284398 0.299075 0.282961 0.265835 0.275396 0.340011 0.430554 0.47697 0.493324 0.503836 0.49963 0.487511 0.487281 0.474345 0.427206 0.362878 0.315091 0.297561 0.285174 0.258456 0.21146 0.162917 0.136279 0.12458 0.110208 0.0908027 0.0684558 0.0483906 0.0395587 0.0445085 0.0576216 0.0677733 0.0741242 0.0827869 0.0775717 0.0605366 0.0490703 0.0463012 0.0475297 0.050535 0.0501408 0.0437206 0.0372826 0.039477 0.0442956 0.0500004 0.0662622 0.0909917 0.1056 0.0975634 0.0914092 0.120301 0.175782 0.213754 0.227231 0.236765 0.253844 0.280126 0.318105 0.37028 0.406643 
0.214931 0.21863 0.235458 0.280833 0.330463 0.33538 0.298676 0.274392 0.288283 0.361774 0.452984 0.499216 0.518999 0.526803 0.519778 0.505463 0.509357 0.505023 0.459449 0.398516 0.35585 0.33922 0.31514 0.272541 0.217837 0.163307 0.128684 0.114242 0.110025 0.111078 0.0993732 0.0734948 0.053951 0.0527104 0.0625083 0.0607833 0.0552946 0.0669985 0.0741983 0.0686774 0.0695859 0.0730999 0.0711457 0.0687491 0.0599899 0.0447769 0.0363901 0.0416264 0.0502195 0.0565633 0.0634712 0.0704567 0.0758009 0.0726624 0.0736646 0.0987445 0.147769 0.198287 0.230435 0.239272 0.252422 0.293493 0.341148 0.384537 0.413037 
0.261198 0.266875 0.284181 0.333991 0.387645 0.388667 0.338805 0.309379 0.33049 0.408359 0.489602 0.529693 0.543442 0.53941 0.527458 0.517417 0.519694 0.506949 0.456063 0.398253 0.36094 0.346693 0.320525 0.273516 0.214644 0.149428 0.104928 0.0905937 0.094873 0.108249 0.10774 0.0877737 0.0677163 0.0614733 0.0632425 0.0484579 0.0343777 0.0456137 0.0649336 0.0726767 0.0799298 0.0822925 0.0765114 0.071895 0.0615906 0.0457424 0.0405402 0.0512446 0.0655598 0.0734507 0.0709768 0.0620759 0.0564519 0.0524525 0.0503373 0.0612215 0.101037 0.168156 0.22549 0.244154 0.259844 0.300833 0.344228 0.376351 0.401715 
0.313354 0.32175 0.345796 0.40513 0.463887 0.461804 0.400877 0.359451 0.375299 0.443381 0.507867 0.534436 0.533511 0.514008 0.498033 0.490165 0.481205 0.452643 0.400425 0.35311 0.330553 0.325266 0.313032 0.278136 0.218016 0.142805 0.0901266 0.0743068 0.0801569 0.09088 0.0907763 0.081604 0.072244 0.0647804 0.0541055 0.0315278 0.0173186 0.0238236 0.0433757 0.0613648 0.07327 0.0709462 0.060816 0.0563588 0.0502707 0.0415638 0.0451103 0.0638214 0.0846764 0.0932874 0.0827232 0.0648431 0.0520563 0.0427833 0.0352654 0.039659 0.0746388 0.144654 0.211276 0.24298 0.267591 0.295866 0.319567 0.33343 0.34575 
0.369168 0.385999 0.426042 0.500447 0.568767 0.570541 0.504707 0.440314 0.420096 0.447464 0.489696 0.517684 0.522207 0.500864 0.469027 0.431167 0.391347 0.3535 0.316716 0.294186 0.289568 0.291967 0.295568 0.276841 0.219547 0.142732 0.0867491 0.0715278 0.0792236 0.0816045 0.0713251 0.0637648 0.0641631 0.0590327 0.0391125 0.0168212 0.00779324 0.011077 0.0234639 0.0411145 0.055147 0.0547502 0.0461106 0.041144 0.0360125 0.0319762 0.0412198 0.0644982 0.0886408 0.0974889 0.0858824 0.0715793 0.0584612 0.0430823 0.0332653 0.0372381 0.0674286 0.125909 0.188145 0.232462 0.26826 0.289438 0.299599 0.299005 0.294693 
0.413777 0.445491 0.50472 0.603648 0.701703 0.719023 0.64128 0.53653 0.470157 0.457345 0.475923 0.508485 0.530625 0.512863 0.451324 0.370745 0.309074 0.28161 0.265449 0.254179 0.253341 0.256899 0.263822 0.255088 0.210792 0.142443 0.0884885 0.0738482 0.0771181 0.0701836 0.0542673 0.043854 0.0437512 0.0424615 0.0274126 0.0106614 0.00425813 0.00678787 0.0167049 0.031701 0.0438882 0.0463124 0.0411737 0.0347782 0.0281053 0.0249763 0.0331798 0.0521661 0.0726448 0.0836551 0.0816035 0.0782069 0.0660475 0.0443532 0.0328109 0.0354605 0.0587072 0.105747 0.161144 0.20823 0.252569 0.285765 0.305515 0.310741 0.308944 
0.423443 0.460375 0.527754 0.646325 0.765276 0.794128 0.729919 0.630024 0.558159 0.525361 0.504408 0.504502 0.524254 0.512519 0.44028 0.342067 0.276826 0.263249 0.256152 0.237883 0.235433 0.245992 0.249897 0.233704 0.192055 0.132095 0.0825799 0.0636316 0.0556106 0.0443681 0.0338448 0.0258503 0.0233789 0.0262272 0.0220398 0.0102751 0.00376947 0.00593649 0.0154681 0.0307862 0.0466923 0.0534012 0.0490122 0.0391691 0.0297849 0.0261047 0.0303772 0.0410186 0.0534538 0.0638135 0.0698967 0.0718873 0.0600076 0.0375096 0.0263524 0.0300108 0.0529886 0.0975402 0.142834 0.175866 0.221283 0.275684 0.314577 0.337534 0.360119 
0.432863 0.451469 0.500766 0.612572 0.723357 0.756169 0.734876 0.689578 0.64615 0.612461 0.557022 0.512369 0.51273 0.495793 0.422691 0.329382 0.267226 0.25116 0.239233 0.216778 0.218819 0.246628 0.25561 0.225892 0.172329 0.114255 0.0696007 0.0444638 0.028378 0.0186203 0.0155794 0.014738 0.0155474 0.0225115 0.0243471 0.0131489 0.00460423 0.00484837 0.0115741 0.0287799 0.0536988 0.0634693 0.056562 0.0456392 0.0368717 0.0320492 0.0298103 0.0324009 0.0390869 0.044628 0.0494391 0.0523984 0.0458769 0.02959 0.0202097 0.025957 0.0536768 0.098245 0.128789 0.139888 0.170383 0.224109 0.27187 0.312157 0.359577 
0.468271 0.461542 0.484089 0.565096 0.652549 0.688478 0.693271 0.689963 0.675072 0.648706 0.585954 0.525039 0.513865 0.490788 0.425026 0.346279 0.278563 0.237883 0.211844 0.195468 0.207341 0.248147 0.261774 0.221899 0.156394 0.0987229 0.0600163 0.0322188 0.0141112 0.00718398 0.0075033 0.0119498 0.0180276 0.0263796 0.0288819 0.0183603 0.00741198 0.00413812 0.00732216 0.0227786 0.0484509 0.0565284 0.0477502 0.040259 0.0354559 0.0291223 0.0220555 0.0212461 0.026383 0.0274391 0.0276366 0.0330059 0.0353721 0.0258985 0.0164762 0.0206754 0.0459389 0.0814822 0.101918 0.104836 0.118137 0.154167 0.199466 0.243122 0.289562 
0.528127 0.514469 0.515332 0.547441 0.595239 0.627973 0.640368 0.653565 0.645157 0.610475 0.551606 0.49964 0.488367 0.477212 0.447794 0.399177 0.324853 0.252278 0.208039 0.194551 0.21319 0.257353 0.270525 0.230143 0.16332 0.102188 0.0610373 0.0298239 0.0109064 0.00478656 0.00525337 0.0117387 0.0229611 0.0311086 0.0331385 0.0280084 0.0159725 0.00745966 0.00847983 0.0199917 0.0345571 0.0349202 0.0284011 0.0277499 0.026741 0.0194821 0.0126294 0.013435 0.0187443 0.0171858 0.0139076 0.0174831 0.0221069 0.0174098 0.00935861 0.0109989 0.0282448 0.0530829 0.0716356 0.0794616 0.0873836 0.111962 0.15131 0.186358 0.218621 
0.586502 0.592114 0.587252 0.577021 0.58683 0.611805 0.622338 0.628376 0.5983 0.538396 0.482314 0.443986 0.437143 0.442105 0.442157 0.422862 0.364034 0.279727 0.219437 0.203554 0.226524 0.269391 0.284867 0.252841 0.187865 0.119779 0.0708446 0.0349752 0.0132437 0.00532124 0.00453274 0.010921 0.0249913 0.0341632 0.0365292 0.0372696 0.027229 0.0151266 0.0147945 0.021382 0.0228136 0.0162643 0.0126033 0.0166579 0.0194917 0.0131871 0.00727264 0.00936706 0.0150363 0.0128784 0.00802643 0.00808265 0.00890313 0.00563804 0.00176018 0.00245783 0.013417 0.0353542 0.0540524 0.0631542 0.0700039 0.0881581 0.122958 0.157835 0.190877 
0.615967 0.644201 0.663934 0.65628 0.647075 0.64668 0.637492 0.63071 0.586068 0.506958 0.441322 0.401956 0.402522 0.422472 0.423587 0.406592 0.363368 0.2824 0.214348 0.202341 0.237279 0.280475 0.291925 0.256992 0.192222 0.12891 0.0821378 0.045159 0.0182585 0.00608462 0.00362262 0.0092044 0.0239214 0.0348022 0.0366858 0.0373266 0.0304303 0.0200936 0.0189579 0.0203634 0.015474 0.00861794 0.00684208 0.011793 0.0149003 0.00815559 0.00298209 0.00400157 0.00754069 0.00651941 0.00368411 0.00310444 0.00247001 0.000641762 2.4257e-08 0.000131573 0.00630932 0.0248419 0.0400182 0.0474689 0.0550772 0.068367 0.0953492 0.130015 0.168099 
0.626008 0.665732 0.712641 0.733814 0.727717 0.691732 0.655154 0.643379 0.601277 0.518369 0.448846 0.410483 0.41208 0.43262 0.420936 0.387644 0.343071 0.27134 0.204451 0.189182 0.220426 0.254523 0.252257 0.213077 0.163632 0.124097 0.0892681 0.0540305 0.0228135 0.00664902 0.00335618 0.00835225 0.0207386 0.029596 0.0289718 0.0278953 0.0263697 0.0210018 0.0192509 0.0191011 0.0155632 0.0100046 0.00801383 0.0118861 0.0122432 0.00465391 0.000953143 0.00097464 0.001408 0.000801112 0.000490847 0.000646759 0.000504659 3.12704e-05 1.76579e-07 0.000693594 0.00719004 0.0189987 0.0276164 0.0372562 0.0489682 0.0584853 0.0719951 0.0923217 0.118587 
0.640758 0.692959 0.743876 0.775347 0.776337 0.719779 0.668442 0.653075 0.613439 0.537559 0.48342 0.460988 0.454991 0.454464 0.424153 0.371453 0.31576 0.255629 0.197365 0.16986 0.174459 0.187221 0.176765 0.146896 0.119877 0.104263 0.087157 0.061339 0.0309296 0.0117315 0.00660406 0.00897228 0.014581 0.0187855 0.0177564 0.0183283 0.0211181 0.0203885 0.0202494 0.0232689 0.0258389 0.0195706 0.012318 0.0114308 0.00963101 0.00343245 0.000587516 0.000217015 4.49078e-05 0 4.21763e-05 0.000243092 0.000241167 5.10108e-05 0.00042565 0.00422876 0.0119362 0.0161114 0.0202043 0.0310336 0.0448356 0.0519308 0.0554455 0.0643108 0.0787506 
0.688902 0.741293 0.790765 0.834692 0.842681 0.781726 0.716343 0.677819 0.633707 0.574627 0.535918 0.518307 0.498021 0.476002 0.432708 0.363566 0.29293 0.242334 0.199451 0.165311 0.143327 0.129797 0.111629 0.0911148 0.0787274 0.0788052 0.0818563 0.0730541 0.0493333 0.026663 0.0151596 0.0094148 0.00768444 0.00980642 0.0120107 0.0156603 0.0195177 0.0221266 0.0264662 0.0350961 0.042967 0.0310945 0.0149754 0.00948714 0.00798123 0.00362257 0.000563087 7.60121e-05 0.000101813 0.000566235 0.00166342 0.00225454 0.00134065 0.000283289 0.000901949 0.00648146 0.0136039 0.0146838 0.0175611 0.0262358 0.039352 0.0476754 0.0496927 0.0576913 0.0693417 
0.755655 0.791557 0.84797 0.92084 0.942023 0.881557 0.792469 0.710457 0.647123 0.595291 0.566475 0.559036 0.535491 0.498235 0.444392 0.36717 0.28913 0.24593 0.217792 0.186586 0.154591 0.12263 0.0930805 0.0710343 0.0613729 0.0672642 0.0813199 0.0846651 0.0667988 0.0405822 0.023004 0.0117619 0.00734857 0.00927681 0.0135825 0.0178711 0.0195209 0.0235648 0.033563 0.0475318 0.0546152 0.0360884 0.0159566 0.00967487 0.00912528 0.00495749 0.000617443 1.62441e-05 0.000486798 0.00377147 0.00834927 0.00926313 0.00541098 0.00150736 0.00178074 0.00698847 0.0135359 0.0154831 0.0173643 0.0234722 0.0360531 0.0482406 0.0553589 0.0689453 0.0827462 
0.787364 0.807125 0.856075 0.941695 0.988075 0.937058 0.829164 0.721931 0.647561 0.598865 0.580987 0.593702 0.575395 0.52152 0.463353 0.406574 0.34142 0.297715 0.267523 0.234619 0.202334 0.159714 0.115407 0.0869922 0.0776661 0.0841099 0.0970496 0.102031 0.0823439 0.0496419 0.0296357 0.021147 0.0186972 0.0201555 0.0233081 0.0239395 0.019872 0.0206285 0.0318682 0.0475601 0.0521892 0.0356387 0.0207695 0.0169034 0.015631 0.00839957 0.00176274 0.000310298 0.00124549 0.00612253 0.0125028 0.0145112 0.0107501 0.00567068 0.00595853 0.0115901 0.0184401 0.0201732 0.0190629 0.0239833 0.0365885 0.0517103 0.0662296 0.0885782 0.110137 
0.77187 0.795066 0.826028 0.895677 0.965143 0.936244 0.828223 0.723631 0.670213 0.648748 0.638509 0.65452 0.645138 0.591832 0.535417 0.498836 0.449744 0.396325 0.348526 0.306835 0.271163 0.218408 0.161863 0.13447 0.135303 0.144857 0.148467 0.138772 0.102881 0.0609418 0.0399372 0.0357981 0.0369394 0.0352541 0.0329697 0.0291151 0.019761 0.0152867 0.0222188 0.0364137 0.0445829 0.0367246 0.0296477 0.0293035 0.0256028 0.0150818 0.00739263 0.00470187 0.00568256 0.0104229 0.0153617 0.0177981 0.0171455 0.0140687 0.0156328 0.0229991 0.0300698 0.0293566 0.02606 0.0300016 0.0392493 0.0518389 0.0696515 0.0959935 0.123515 
0.702958 0.751034 0.79672 0.857164 0.921818 0.910325 0.837274 0.776418 0.764193 0.762219 0.742771 0.74418 0.74422 0.712912 0.66403 0.620267 0.563993 0.490925 0.425458 0.381379 0.348232 0.294747 0.23603 0.21274 0.219942 0.225902 0.211121 0.17467 0.120266 0.0704274 0.0452624 0.0402032 0.0404692 0.034253 0.029157 0.0283212 0.0223623 0.0160309 0.0174148 0.0278949 0.0402015 0.0390834 0.0352507 0.0371993 0.0345422 0.0265842 0.0231958 0.0232096 0.0238232 0.0260023 0.0279792 0.0297149 0.0303451 0.0289698 0.0335524 0.0438421 0.0495195 0.0446095 0.0395352 0.0395113 0.0417777 0.0490046 0.0651082 0.0876513 0.111606 
0.594183 0.663349 0.747493 0.822692 0.870078 0.870596 0.860311 0.879428 0.908525 0.89042 0.845659 0.831572 0.835635 0.823634 0.788264 0.743484 0.677427 0.575753 0.488845 0.441614 0.414135 0.37292 0.322677 0.29108 0.279352 0.269208 0.23835 0.187756 0.131972 0.078203 0.0439868 0.0356746 0.0354479 0.0274977 0.0225919 0.0261341 0.0278637 0.0221442 0.0178596 0.0242494 0.0361209 0.0342578 0.0282239 0.0304547 0.0326939 0.0339987 0.0408156 0.0483712 0.0534318 0.0540034 0.0519672 0.0521467 0.0510629 0.0493193 0.058563 0.0752238 0.0835375 0.0724598 0.0567329 0.0480934 0.0463749 0.0519807 0.0643306 0.0771586 0.0891585 
0.475997 0.550032 0.658588 0.750586 0.791454 0.813336 0.866496 0.950076 1 0.958177 0.897853 0.888439 0.89706 0.883928 0.859026 0.83182 0.773565 0.65831 0.556983 0.496712 0.451338 0.407326 0.36589 0.327659 0.297827 0.274956 0.233038 0.179655 0.133451 0.0827636 0.04142 0.0287298 0.0296811 0.0259252 0.0226958 0.0253162 0.027595 0.0223209 0.0169436 0.0214517 0.029678 0.0241 0.0160641 0.0164915 0.0203816 0.0288306 0.043959 0.0570817 0.0674862 0.074255 0.0760606 0.0766295 0.0712389 0.0653201 0.0763653 0.100382 0.117008 0.103908 0.075381 0.0616795 0.0637814 0.0705725 0.0769069 0.0793371 0.0796729 
0.398379 0.464775 0.568697 0.650514 0.680228 0.71475 0.804186 0.919881 0.989331 0.963185 0.921124 0.932808 0.938358 0.903146 0.873582 0.8514 0.804798 0.709471 0.611122 0.523511 0.443323 0.386668 0.351489 0.327238 0.305382 0.274693 0.215901 0.156339 0.11753 0.0790742 0.0403934 0.0234422 0.0233206 0.0262185 0.0285229 0.0291145 0.0263919 0.0202786 0.0175401 0.0223334 0.0260794 0.0180916 0.0106862 0.0104553 0.0137096 0.0225975 0.0375296 0.0481753 0.0553441 0.0671003 0.080609 0.0873762 0.0812702 0.0719207 0.0786967 0.0984691 0.117296 0.117123 0.0967141 0.0889582 0.100858 0.111671 0.11423 0.109756 0.102209 
0.373593 0.427171 0.507817 0.557557 0.575071 0.62485 0.737451 0.862745 0.939744 0.945164 0.935553 0.96141 0.963718 0.919035 0.877778 0.828357 0.764413 0.685022 0.595702 0.499651 0.415693 0.361699 0.328564 0.314429 0.301424 0.265241 0.199848 0.136455 0.0970895 0.0705114 0.0422248 0.0219811 0.0175683 0.023827 0.033528 0.036494 0.0320099 0.0243092 0.0233096 0.0294519 0.0289947 0.0188267 0.0109111 0.00912404 0.0110254 0.0175826 0.0269761 0.0321156 0.0341661 0.0431019 0.0634925 0.0835396 0.0826939 0.0684836 0.0667599 0.0758076 0.0911842 0.109064 0.115491 0.12531 0.150443 0.170414 0.17767 0.169137 0.155332 
0.36884 0.407863 0.457599 0.482222 0.503909 0.577073 0.70933 0.833001 0.894396 0.911405 0.934541 0.966956 0.958625 0.905113 0.845449 0.769686 0.687056 0.611292 0.530044 0.449652 0.389069 0.348438 0.315421 0.297741 0.281166 0.242457 0.186451 0.129865 0.0881685 0.0642915 0.0428695 0.0229947 0.0178042 0.028008 0.0433646 0.0461145 0.0367185 0.0262269 0.0273566 0.0388174 0.039935 0.0274504 0.0145014 0.00797898 0.00736249 0.0114231 0.0161139 0.0187833 0.0205712 0.0264874 0.0461522 0.0721596 0.0737147 0.0572789 0.0505426 0.0529182 0.068335 0.0981961 0.127861 0.153995 0.184541 0.213746 0.236987 0.23566 0.225675 
0.347114 0.367406 0.396762 0.425221 0.464604 0.544173 0.666314 0.781422 0.837847 0.855689 0.892352 0.933831 0.928678 0.868523 0.784219 0.688236 0.59619 0.52444 0.453415 0.386661 0.348207 0.326221 0.304597 0.291958 0.273854 0.230866 0.178403 0.131751 0.09368 0.0681188 0.0462445 0.029057 0.0278945 0.0435894 0.0586864 0.0545187 0.0383503 0.0279154 0.0320889 0.0508593 0.060012 0.0441664 0.0201825 0.00707718 0.00478713 0.00778889 0.0114535 0.0136365 0.0142338 0.0170978 0.0315595 0.0511884 0.053655 0.0458225 0.0415736 0.0422992 0.0598663 0.0969451 0.139123 0.170227 0.191189 0.219279 0.25801 0.274579 0.277939 
0.298121 0.309363 0.346087 0.399883 0.45148 0.51285 0.602657 0.704347 0.768143 0.785001 0.813023 0.857624 0.867501 0.816104 0.722693 0.610993 0.506948 0.431142 0.372306 0.325106 0.307136 0.306816 0.307739 0.313494 0.297028 0.247761 0.194891 0.151127 0.114436 0.0882205 0.0636435 0.0448321 0.0444006 0.0611363 0.0727398 0.064226 0.0481911 0.0421491 0.0489341 0.0685167 0.0800508 0.0629794 0.0314771 0.0121888 0.00766575 0.00899797 0.0105668 0.0111387 0.00952111 0.0107461 0.0212368 0.0331254 0.0360046 0.0374655 0.0371319 0.037055 0.0534619 0.0935488 0.144378 0.181544 0.193811 0.206671 0.236045 0.25724 0.270278 
0.256382 0.265555 0.308496 0.381676 0.444719 0.495839 0.567296 0.657646 0.721962 0.747624 0.772049 0.790696 0.772094 0.712247 0.628355 0.527275 0.420411 0.340222 0.301907 0.291126 0.299737 0.31659 0.335869 0.353047 0.332215 0.2806 0.237243 0.198727 0.160403 0.131507 0.103033 0.0780253 0.0713981 0.0811205 0.0866594 0.0785121 0.0666561 0.0675652 0.0784884 0.0923376 0.0960667 0.0807731 0.053789 0.0320546 0.0224596 0.0178543 0.0135501 0.0110488 0.00810776 0.00844985 0.0168935 0.0274063 0.0319495 0.0356079 0.035091 0.0329605 0.0432363 0.0772317 0.130771 0.179402 0.198247 0.196652 0.199839 0.208009 0.220273 
0.22512 0.234996 0.274588 0.348536 0.417563 0.475616 0.559613 0.659175 0.731274 0.771304 0.786887 0.754914 0.679888 0.587248 0.502574 0.426113 0.343873 0.281382 0.264075 0.280285 0.310558 0.338314 0.365873 0.386386 0.37019 0.325464 0.289665 0.259176 0.224278 0.193669 0.161737 0.131454 0.11626 0.112232 0.104878 0.0963397 0.0906106 0.0991822 0.114631 0.121917 0.11553 0.100472 0.0822648 0.062099 0.0466263 0.0345739 0.0238972 0.0192599 0.0154528 0.0126648 0.018061 0.02925 0.0352524 0.0346607 0.0304496 0.0279742 0.0340235 0.0576719 0.103329 0.155365 0.190034 0.192215 0.174158 0.158867 0.158972 
0.193778 0.211519 0.254479 0.320466 0.383227 0.447207 0.54649 0.656914 0.739551 0.784578 0.764706 0.676928 0.574758 0.477653 0.39232 0.331344 0.284587 0.254807 0.251306 0.268143 0.294876 0.320394 0.349082 0.377891 0.384951 0.362935 0.335543 0.310975 0.284085 0.256122 0.225876 0.196674 0.17326 0.154224 0.136152 0.13293 0.139951 0.15072 0.154986 0.146511 0.130355 0.113515 0.0989705 0.0841019 0.0715727 0.0591061 0.046545 0.0432388 0.0385219 0.0277502 0.0269527 0.0362746 0.0401477 0.0343116 0.0277634 0.0261414 0.0314892 0.0465888 0.0794286 0.128952 0.179798 0.197653 0.167795 0.127938 0.109513 
0.192413 0.224119 0.27673 0.332738 0.38265 0.44365 0.537355 0.63577 0.702727 0.72588 0.678489 0.57794 0.485199 0.410066 0.338796 0.283478 0.25027 0.232759 0.219005 0.21406 0.225342 0.245533 0.271984 0.308061 0.339685 0.357232 0.362733 0.353914 0.331138 0.30449 0.286166 0.269608 0.242169 0.211021 0.193149 0.204699 0.223346 0.222627 0.20049 0.170543 0.144709 0.121424 0.100853 0.0916353 0.0911979 0.0891215 0.0845599 0.0851859 0.0742119 0.0513852 0.0415602 0.0450838 0.0430901 0.0358766 0.0324141 0.0332291 0.0388737 0.0476278 0.0691479 0.112037 0.163807 0.191531 0.166353 0.117668 0.0869762 
0.21235 0.260373 0.322722 0.379737 0.434908 0.493198 0.559023 0.61476 0.640484 0.626366 0.579861 0.51399 0.439645 0.376984 0.327038 0.27935 0.242277 0.215175 0.178481 0.150287 0.150715 0.170368 0.195809 0.229641 0.273168 0.330847 0.377525 0.387962 0.364409 0.338797 0.332031 0.32715 0.309552 0.286795 0.278928 0.299065 0.310695 0.283575 0.239077 0.199258 0.166273 0.135508 0.10885 0.0986204 0.101374 0.112092 0.124408 0.126575 0.10314 0.0686762 0.0491713 0.0458805 0.0411138 0.038033 0.0422897 0.0485601 0.0545696 0.0586278 0.0705212 0.0960831 0.128676 0.15637 0.148776 0.110493 0.0773796 
0.221277 0.279493 0.351024 0.422163 0.492894 0.546589 0.580677 0.589685 0.572215 0.527119 0.48788 0.457416 0.399847 0.344616 0.316229 0.284102 0.243877 0.204901 0.158482 0.123869 0.119471 0.13966 0.166939 0.196258 0.236405 0.300241 0.357547 0.380127 0.365543 0.349984 0.3534 0.355453 0.353618 0.357082 0.362138 0.374692 0.368469 0.321403 0.26588 0.222573 0.187929 0.158932 0.133558 0.118452 0.116919 0.133002 0.156256 0.155672 0.121357 0.079284 0.0532003 0.0457455 0.0429463 0.0442301 0.0526085 0.0620555 0.0695396 0.0747744 0.0781135 0.0785269 0.085643 0.10259 0.104273 0.0852455 0.064139 
0.215734 0.279398 0.358103 0.438912 0.508934 0.554886 0.574379 0.55975 0.51332 0.455209 0.422454 0.400641 0.351662 0.309789 0.305411 0.297342 0.261523 0.214685 0.170162 0.141671 0.136426 0.157283 0.185927 0.212797 0.240062 0.272096 0.307035 0.337607 0.347066 0.350947 0.365263 0.374311 0.378692 0.397046 0.409906 0.417715 0.404051 0.346971 0.280666 0.229929 0.196977 0.181506 0.16794 0.154582 0.151709 0.16102 0.175865 0.166327 0.130586 0.0924785 0.0655477 0.0542307 0.0519442 0.0513175 0.05543 0.0670436 0.0813055 0.0926683 0.0900618 0.0701226 0.0575462 0.0600774 0.0620055 0.0587896 0.0556526 
0.201842 0.268203 0.353573 0.438011 0.49425 0.522951 0.533229 0.519212 0.478374 0.431454 0.399376 0.362563 0.31606 0.296686 0.319693 0.332888 0.30726 0.265201 0.226077 0.201109 0.190826 0.20654 0.232202 0.254306 0.258545 0.253434 0.268495 0.306614 0.339297 0.35896 0.377069 0.388178 0.399333 0.42946 0.444492 0.441047 0.422112 0.367874 0.305594 0.253911 0.220721 0.213922 0.204729 0.187995 0.182215 0.181755 0.182179 0.162707 0.130032 0.102011 0.0796821 0.0644208 0.0562017 0.0497532 0.0514288 0.0679568 0.0915879 0.108428 0.103802 0.0748955 0.052595 0.0491473 0.0542113 0.0629695 0.0763469 
0.19021 0.249074 0.333749 0.419695 0.46877 0.486948 0.491488 0.478857 0.456019 0.428732 0.394749 0.349705 0.313982 0.315574 0.357017 0.377273 0.360369 0.342475 0.320684 0.292835 0.271776 0.282256 0.305139 0.314322 0.290994 0.261711 0.259094 0.28645 0.326997 0.361891 0.387512 0.40649 0.437208 0.481162 0.493854 0.473811 0.448069 0.406087 0.356964 0.305468 0.266901 0.262432 0.255246 0.226081 0.205528 0.199774 0.199391 0.1819 0.150473 0.119255 0.0933616 0.0712071 0.0541759 0.0430931 0.0445063 0.0608956 0.0885815 0.114429 0.114749 0.0846457 0.0614795 0.0626021 0.0778856 0.0984748 0.125207 
0.192879 0.239481 0.320065 0.409354 0.459138 0.471708 0.470743 0.452173 0.427657 0.40073 0.370841 0.343538 0.330562 0.347952 0.398041 0.420447 0.411904 0.415485 0.411825 0.385839 0.364732 0.378876 0.39192 0.369684 0.319725 0.275058 0.2513 0.254969 0.287992 0.327764 0.365573 0.406433 0.462148 0.511258 0.520874 0.508837 0.496575 0.460071 0.403634 0.349012 0.311038 0.309389 0.310596 0.27645 0.243057 0.238995 0.246755 0.235975 0.201301 0.152742 0.112389 0.0833409 0.0631154 0.0488654 0.0459374 0.0545683 0.0743828 0.10249 0.114969 0.0996245 0.0856287 0.093837 0.119229 0.145511 0.172841 
0.212368 0.249262 0.326498 0.420758 0.479006 0.491995 0.4816 0.443223 0.39697 0.359477 0.338632 0.339838 0.355799 0.383469 0.432327 0.46824 0.47676 0.486584 0.488064 0.456319 0.424387 0.429905 0.421226 0.365227 0.300539 0.257944 0.230972 0.221168 0.241011 0.270763 0.306224 0.354076 0.412141 0.464173 0.497222 0.523732 0.545928 0.520985 0.448913 0.38831 0.356005 0.357651 0.36386 0.332353 0.30267 0.309644 0.316821 0.298289 0.256821 0.196979 0.147965 0.119805 0.104226 0.0861848 0.0723136 0.0673279 0.0716109 0.0915591 0.115351 0.129039 0.137302 0.152692 0.180195 0.20285 0.218387 
0.236041 0.261471 0.328678 0.427095 0.504634 0.538343 0.525745 0.456096 0.38232 0.341355 0.329821 0.35418 0.399063 0.427961 0.456874 0.504451 0.538245 0.553696 0.553125 0.505858 0.445693 0.419205 0.385458 0.323005 0.260536 0.22141 0.19907 0.19107 0.205682 0.230591 0.260634 0.299567 0.344512 0.399216 0.467068 0.536419 0.598604 0.598055 0.52975 0.468684 0.433482 0.426445 0.426367 0.398913 0.38048 0.397185 0.393268 0.354093 0.306684 0.252311 0.202191 0.175212 0.166632 0.145812 0.116877 0.0945704 0.0843444 0.0965798 0.130888 0.174613 0.20764 0.231313 0.253945 0.26779 0.270834 
0.27943 0.298818 0.349774 0.443183 0.53535 0.582298 0.565574 0.478876 0.384956 0.338538 0.335992 0.376806 0.440211 0.474568 0.490162 0.532319 0.568224 0.579454 0.574915 0.528038 0.458277 0.397593 0.341063 0.289958 0.238102 0.1953 0.172256 0.171447 0.18618 0.212181 0.244355 0.279665 0.317292 0.36832 0.451443 0.551781 0.649843 0.677179 0.636708 0.592583 0.552879 0.530942 0.525045 0.502215 0.475308 0.463922 0.427405 0.373748 0.341059 0.315386 0.273107 0.237595 0.223935 0.198969 0.160194 0.127294 0.112636 0.12371 0.16103 0.214291 0.26231 0.297759 0.318467 0.323674 0.320609 
0.372473 0.388305 0.421424 0.503949 0.594913 0.621345 0.584211 0.50191 0.404753 0.349853 0.350841 0.394093 0.455161 0.50602 0.533256 0.559555 0.566939 0.553257 0.547859 0.529613 0.478944 0.397399 0.318661 0.268068 0.222739 0.180042 0.158566 0.16511 0.18271 0.209929 0.247752 0.281523 0.309991 0.356072 0.444684 0.562415 0.674907 0.714009 0.694866 0.669984 0.634655 0.612459 0.615278 0.600712 0.55567 0.496773 0.420606 0.363906 0.359229 0.372479 0.349675 0.305874 0.278521 0.248849 0.212822 0.178581 0.15951 0.167369 0.19566 0.235156 0.287284 0.336678 0.368091 0.373261 0.365688 
0.481304 0.495742 0.522381 0.592474 0.666505 0.66732 0.609419 0.528606 0.437739 0.379449 0.367566 0.388467 0.435351 0.505283 0.556247 0.567454 0.540058 0.505339 0.504561 0.512181 0.484354 0.404317 0.313338 0.257653 0.219274 0.184307 0.164659 0.173242 0.197374 0.229409 0.270289 0.300347 0.326127 0.380608 0.473989 0.586378 0.683463 0.713315 0.689667 0.666066 0.643566 0.641178 0.65418 0.635273 0.58104 0.509473 0.42365 0.368254 0.377244 0.416501 0.415922 0.374434 0.331211 0.289955 0.264818 0.246293 0.228259 0.228099 0.238153 0.251561 0.290209 0.341513 0.389943 0.416004 0.413248 
0.574187 0.593189 0.628279 0.686713 0.737913 0.72509 0.651036 0.561995 0.481857 0.422109 0.382202 0.368711 0.394809 0.459658 0.515968 0.523267 0.493002 0.472266 0.484467 0.493173 0.467267 0.393756 0.299574 0.237268 0.20481 0.182802 0.170722 0.179159 0.204871 0.23967 0.282133 0.320919 0.368256 0.441229 0.533308 0.624524 0.687434 0.698718 0.675585 0.65666 0.65348 0.671327 0.668305 0.615534 0.553749 0.502448 0.442403 0.406584 0.425843 0.472591 0.47831 0.439313 0.387904 0.339244 0.319535 0.310208 0.294524 0.287115 0.278841 0.268402 0.287724 0.332407 0.390762 0.437511 0.444774 
0.667397 0.690973 0.729821 0.767613 0.789916 0.762323 0.675991 0.588732 0.532262 0.478755 0.411983 0.364979 0.362948 0.399747 0.437924 0.444975 0.439345 0.450677 0.474751 0.471009 0.428606 0.35694 0.271727 0.199234 0.160293 0.150274 0.157439 0.173769 0.200227 0.240819 0.297499 0.36225 0.429352 0.493864 0.572132 0.65685 0.700263 0.699577 0.682885 0.67638 0.700217 0.722441 0.674842 0.58471 0.523164 0.498036 0.481638 0.487513 0.521381 0.557834 0.550932 0.510817 0.462339 0.414513 0.389024 0.371256 0.35284 0.342159 0.317834 0.286808 0.295511 0.339602 0.394419 0.432262 0.435191 
0.74805 0.763058 0.787039 0.797104 0.792263 0.752293 0.665992 0.595307 0.560629 0.511905 0.434238 0.376991 0.362773 0.374766 0.382786 0.375264 0.378264 0.406783 0.439597 0.430804 0.374053 0.303476 0.240645 0.176763 0.1336 0.126767 0.148609 0.179867 0.215834 0.266873 0.343875 0.437322 0.5034 0.532312 0.583688 0.662328 0.708314 0.725283 0.71978 0.716202 0.749752 0.762534 0.691272 0.590182 0.528661 0.508956 0.513018 0.547382 0.591553 0.618578 0.611438 0.574724 0.526765 0.486222 0.461079 0.438841 0.414667 0.394645 0.348992 0.293193 0.293332 0.341389 0.393048 0.419113 0.419674 
0.779813 0.776752 0.776145 0.765866 0.74892 0.706866 0.626912 0.557571 0.519412 0.480003 0.427565 0.39021 0.378973 0.382881 0.373355 0.348579 0.333548 0.350773 0.384002 0.386119 0.337562 0.270106 0.222125 0.181336 0.147525 0.142644 0.174542 0.226986 0.279065 0.330537 0.4069 0.50702 0.564463 0.567144 0.586839 0.631334 0.67372 0.724074 0.752393 0.763057 0.782949 0.775532 0.714554 0.630032 0.563309 0.518938 0.499121 0.526192 0.569826 0.595705 0.601023 0.576322 0.533149 0.507564 0.500822 0.48828 0.46085 0.424851 0.359099 0.294513 0.29352 0.339616 0.386575 0.409415 0.412286 
0.765791 0.751319 0.729224 0.694042 0.668906 0.645771 0.589327 0.515906 0.464213 0.428329 0.400976 0.378862 0.372582 0.390779 0.388718 0.354508 0.317746 0.317326 0.342619 0.354498 0.322731 0.261935 0.217989 0.197064 0.181458 0.179813 0.21409 0.279686 0.344623 0.391172 0.448989 0.525596 0.571917 0.570935 0.56335 0.565257 0.599332 0.673534 0.74608 0.795442 0.81041 0.780072 0.725373 0.667794 0.616962 0.555485 0.493257 0.484274 0.505715 0.51882 0.530341 0.529048 0.504064 0.491046 0.502382 0.503114 0.478485 0.423251 0.344224 0.29397 0.30665 0.356302 0.396572 0.40671 0.402819 
0.691666 0.687465 0.678395 0.64975 0.624214 0.613887 0.579621 0.513708 0.459078 0.415406 0.382928 0.361033 0.367631 0.40319 0.40445 0.358079 0.30906 0.301554 0.320384 0.331134 0.312429 0.270649 0.238614 0.229912 0.2236 0.222559 0.251142 0.308046 0.368013 0.408935 0.446427 0.486059 0.514668 0.522633 0.50908 0.491346 0.518115 0.594046 0.68377 0.756403 0.779732 0.752603 0.716293 0.687663 0.659009 0.596058 0.502267 0.451588 0.440082 0.436482 0.448778 0.472593 0.480363 0.485783 0.501193 0.497428 0.469099 0.404657 0.327966 0.298644 0.3347 0.402432 0.435258 0.420106 0.40098 
0.558671 0.579114 0.616065 0.635494 0.628965 0.619023 0.59016 0.534965 0.489693 0.44317 0.395833 0.372442 0.390135 0.425998 0.41773 0.362067 0.309283 0.301138 0.317011 0.322794 0.31434 0.295036 0.279541 0.278216 0.276352 0.278291 0.300514 0.336467 0.367335 0.386945 0.407129 0.418073 0.420583 0.439964 0.457555 0.452066 0.471074 0.531943 0.60818 0.663423 0.675663 0.66198 0.663602 0.676066 0.664875 0.603927 0.503374 0.43145 0.39847 0.384256 0.39244 0.421768 0.449175 0.473528 0.488914 0.477271 0.440484 0.378414 0.31914 0.310322 0.364536 0.437009 0.455153 0.427699 0.409676 
0.42193 0.455749 0.51144 0.566075 0.589958 0.590278 0.577672 0.55074 0.5276 0.487095 0.435747 0.413828 0.430814 0.463803 0.461413 0.40801 0.344756 0.322069 0.326655 0.335905 0.342885 0.333563 0.325962 0.329668 0.335927 0.341133 0.356917 0.383345 0.392503 0.388078 0.386229 0.371286 0.352129 0.378018 0.434646 0.460715 0.474895 0.513158 0.571898 0.602666 0.59405 0.587383 0.612334 0.645313 0.628529 0.564912 0.485155 0.423269 0.387442 0.373289 0.377208 0.393685 0.414455 0.440747 0.455806 0.44656 0.411787 0.356392 0.31349 0.320612 0.377006 0.428377 0.431816 0.412968 0.407928 
0.345078 0.374337 0.412343 0.454637 0.491785 0.525826 0.554859 0.566596 0.564871 0.527559 0.476148 0.45729 0.478471 0.533438 0.561633 0.511549 0.429453 0.381947 0.372095 0.388525 0.407258 0.398217 0.387227 0.382634 0.381587 0.379984 0.39395 0.432239 0.452363 0.440623 0.413397 0.371121 0.343493 0.372715 0.443959 0.491673 0.506947 0.530296 0.572812 0.588028 0.573341 0.570261 0.585628 0.591304 0.542573 0.478076 0.43322 0.403714 0.382135 0.369001 0.360419 0.36117 0.376197 0.402834 0.423371 0.422135 0.396538 0.349504 0.315515 0.325969 0.373761 0.402866 0.393825 0.381706 0.384155 
0.29134 0.320464 0.353516 0.376653 0.40974 0.475691 0.548726 0.595741 0.608856 0.57306 0.531847 0.528622 0.56151 0.636032 0.68841 0.643398 0.560556 0.50166 0.478378 0.488899 0.501491 0.482883 0.452298 0.426506 0.407699 0.399253 0.420987 0.472685 0.509886 0.502724 0.469851 0.421729 0.39119 0.410723 0.461999 0.508488 0.540412 0.571311 0.594882 0.590394 0.571731 0.558993 0.54858 0.513181 0.436168 0.37762 0.358911 0.353527 0.341997 0.321064 0.293858 0.286087 0.30739 0.338149 0.368995 0.391067 0.385623 0.347428 0.321317 0.333417 0.372349 0.383806 0.360381 0.349528 0.357584 
0.214182 0.256362 0.317499 0.364391 0.399176 0.46112 0.541406 0.605729 0.641513 0.637339 0.634226 0.657249 0.694027 0.759901 0.797418 0.741968 0.676218 0.637544 0.616247 0.609175 0.600539 0.567361 0.514886 0.47117 0.438826 0.427566 0.459483 0.513297 0.546316 0.542393 0.524881 0.487801 0.44576 0.439808 0.460755 0.497432 0.543623 0.581049 0.58265 0.558578 0.536792 0.513935 0.490774 0.441643 0.362933 0.314542 0.309696 0.311313 0.293675 0.261588 0.224468 0.210746 0.226324 0.249739 0.286113 0.339126 0.371378 0.351943 0.330752 0.339039 0.361516 0.355803 0.329608 0.325794 0.338958 
0.163155 0.214449 0.305691 0.400385 0.44812 0.480535 0.538607 0.605932 0.661752 0.698429 0.738116 0.778327 0.812491 0.863371 0.879501 0.814497 0.755432 0.732002 0.721205 0.710516 0.696721 0.663552 0.60784 0.553441 0.508721 0.494901 0.529814 0.572664 0.579557 0.562735 0.547831 0.512875 0.464242 0.449042 0.461049 0.486245 0.52195 0.544947 0.532045 0.502982 0.478667 0.45312 0.427847 0.378088 0.308616 0.269906 0.276481 0.289925 0.273275 0.2337 0.19255 0.173832 0.179128 0.194539 0.229239 0.291002 0.347793 0.356823 0.346262 0.346197 0.340928 0.313098 0.291057 0.2942 0.299788 
0.163155 0.214256 0.31624 0.441753 0.509381 0.529959 0.577226 0.643391 0.702776 0.764722 0.82374 0.853601 0.87027 0.902099 0.910555 0.861482 0.818478 0.803727 0.793164 0.790714 0.793171 0.764088 0.706867 0.6523 0.612752 0.609812 0.645119 0.666797 0.639913 0.595723 0.554479 0.51226 0.482722 0.485014 0.498875 0.510403 0.524083 0.525723 0.505681 0.478492 0.449304 0.426697 0.40248 0.344707 0.273641 0.238174 0.252623 0.281063 0.274312 0.23398 0.192488 0.170467 0.170145 0.17809 0.197804 0.239257 0.295681 0.33809 0.356392 0.357415 0.328316 0.274882 0.244322 0.241603 0.23629 
0.1791 0.220944 0.311214 0.440999 0.537282 0.583885 0.64528 0.710155 0.762208 0.827017 0.876737 0.891948 0.894051 0.903372 0.89545 0.865495 0.866945 0.881327 0.865093 0.860677 0.871771 0.833942 0.771838 0.7353 0.723323 0.740209 0.77424 0.779951 0.737822 0.670357 0.589386 0.529494 0.521735 0.545187 0.551535 0.553464 0.563934 0.563329 0.546168 0.519602 0.477913 0.449266 0.424491 0.362019 0.286344 0.251981 0.270493 0.300171 0.292087 0.254294 0.215253 0.183093 0.169886 0.168971 0.175679 0.193762 0.236806 0.295824 0.340375 0.358327 0.327261 0.253937 0.204746 0.193615 0.190367 
0.175212 0.209481 0.285664 0.410218 0.534073 0.617036 0.694405 0.756328 0.798614 0.85555 0.897504 0.920727 0.929797 0.919504 0.878384 0.851611 0.894827 0.940815 0.9207 0.906588 0.920286 0.87661 0.811817 0.796046 0.814456 0.840344 0.866261 0.86939 0.825463 0.742494 0.638973 0.563581 0.559505 0.591854 0.592149 0.59366 0.613064 0.620878 0.611036 0.582878 0.529402 0.491714 0.462627 0.394296 0.316747 0.291453 0.316152 0.338169 0.316762 0.272783 0.233993 0.190904 0.16043 0.1511 0.154496 0.164372 0.199069 0.25754 0.307066 0.340735 0.322497 0.24311 0.183538 0.167998 0.165723 
